A14614.txt: [1.3221514, -0.3663197, -1.6214559]
A10664.txt: [0, 0, 0]
A13345.txt: [1.1993072, -0.596005, -1.6066357]
A20770.txt: [0, 0, 0]
A19683.txt: [0, 0, 0]
A05282.txt: [0, 0, 0]
A00503.txt: [0, 0, 0]
A11368.txt: [0, 0, 0]
A12649.txt: [0, 0, 0]
A05335.txt: [0, 0, 0]
A68683.txt: [1.1539836, -1.0081875, -1.9980259]
A18416.txt: [0, 0, 0]
B11307.txt: [1.6827053, -0.7064004, -1.2738613]
A71305.txt: [1.9999037, -1.4759878, -1.2460581]
A68132.txt: [1.8989861, -0.6572824, -1.1616288]
A09043.txt: [0, 0, 0]
A13755.txt: [0, 0, 0]
A15324.txt: [0, 0, 0]
A21056.txt: [0, 0, 0]
A11802.txt: [0, 0, 0]
B00960.txt: [0, 0, 0]
A13542.txt: [0, 0, 0]
A05320.txt: [0, 0, 0]
A20188.txt: [0, 0, 0]
A08764.txt: [2.3238916, -1.1814312, -1.4237114]
A01581.txt: [0, 0, 0]
A68251.txt: [0, 0, 0]
A22364.txt: [1.7141557, -1.1343117, -1.3538288]
A05056.txt: [0, 0, 0]
A04389.txt: [0, 0, 0]
B13659.txt: [0, 0, 0]
A11223.txt: [2.1886168, -0.9806026, -1.7250978]
A13434.txt: [0.951011, -1.7231789, -1.8649937]
A08014.txt: [2.0368443, -1.1819848, -1.9575938]
A00448.txt: [2.3024836, -0.61048514, -1.629285]
A03800.txt: [2.3807487, -0.87862444, -1.5351465]
A18429.txt: [2.101741, -0.7019808, -1.3301716]
A12138.txt: [0, 0, 0]
A01622.txt: [1.1324075, -0.41578707, -0.97500044]
B14268.txt: [0, 0, 0]
A20607.txt: [0, 0, 0]
A71306.txt: [2.0020084, -0.8914561, -1.3425226]
A15469.txt: [1.5118248, -1.3028718, -1.4622881]
A12460.txt: [1.0616697, -0.8825904, -0.36890274]
A14005.txt: [0, 0, 0]
A11627.txt: [0, 0, 0]
B00023.txt: [0, 0, 0]
A73707.txt: [0, 0, 0]
A69038.txt: [1.6105447, -2.223635, -0.78720677]
A73706.txt: [1.9658562, -1.322783, -0.95911765]
A22213.txt: [1.9400318, -1.9509015, -1.1467297]
A11154.txt: [1.9738045, -1.88066, -1.3221579]
A12475.txt: [0, 0, 0]
A12461.txt: [1.8346404, -0.33059162, -1.4619516]
B00963.txt: [2.6386497, -1.1504796, -0.8429652]
A11395.txt: [0, 0, 0]
A71307.txt: [2.3644993, -0.9601769, -1.7274882]
A72801.txt: [1.7909709, -1.5400379, -1.0222176]
A05280.txt: [0, 0, 0]
A15093.txt: [0, 0, 0]
A06789.txt: [2.1237948, -1.1273535, -1.490789]
A14399.txt: [0, 0, 0]
A20766.txt: [0, 0, 0]
A01743.txt: [1.2765433, -1.6562096, -1.5981802]
A15050.txt: [1.4046416, -1.1237693, -1.1575578]
A11791.txt: [0, 0, 0]
A68246.txt: [2.3270893, -0.80715066, -1.3300145]
A21108.txt: [0, 0, 0]
A20202.txt: [0, 0, 0]
A16968.txt: [1.8314613, -1.6599871, -1.6079853]
A17445.txt: [0, 0, 0]
A17337.txt: [1.4050733, -1.4898907, -1.471014]
A09109.txt: [0, 0, 0]
A09135.txt: [0, 0, 0]
A03418.txt: [0, 0, 0]
A01551.txt: [0, 0, 0]
A02702.txt: [0, 0, 0]
A18028.txt: [1.7146573, -0.9041725, -1.8671871]
A72226.txt: [0, 0, 0]
A22363.txt: [1.7141557, -1.1343117, -1.3538288]
B13489.txt: [2.2266517, -1.5795856, -1.2026289]
A01009.txt: [2.0725183, -1.475067, -1.3044255]
A17119.txt: [0.88306916, -1.0086635, -1.686629]
A16207.txt: [0, 0, 0]
A15097.txt: [1.531692, -0.062907346, -1.8684554]
A04824.txt: [0, 0, 0]
A19691.txt: [0, 0, 0]
A63883.txt: [0, 0, 0]
A20831.txt: [0, 0, 0]
A07524.txt: [1.6840125, -1.2255702, -1.6794158]
A11408.txt: [0, 0, 0]
A00505.txt: [0, 0, 0]
A04763.txt: [2.20714, -1.3770009, -1.7037544]
A12698.txt: [1.6804998, -0.76243913, -1.8122917]
A20158.txt: [0.854972, -1.3607079, -2.3394284]
A15685.txt: [2.0856125, -1.3421905, -1.5425231]
B15167.txt: [0, 0, 0]
A19256.txt: [0, 0, 0]
A12317.txt: [1.5404744, -1.0786899, -1.5708133]
A12471.txt: [2.207679, -0.64123386, -1.3880624]
A69028.txt: [0, 0, 0]
A20414.txt: [0, 0, 0]
A22216.txt: [2.0628104, -0.48295307, -1.0940039]
A68445.txt: [0, 0, 0]
A01395.txt: [2.2114694, -0.5448166, -1.8273412]
A12470.txt: [2.0349202, -1.0467832, -1.369254]
A12458.txt: [1.7443274, -0.73028725, -1.5185376]
A03233.txt: [1.985936, -0.17842382, -1.080676]
A73267.txt: [0, 0, 0]
A04762.txt: [-0.10014389, -1.4387257, -1.2649933]
A00504.txt: [0, 0, 0]
A02475.txt: [1.3660346, -1.0394368, -1.7792222]
A08164.txt: [1.7228538, -0.82825685, -1.691365]
A01975.txt: [1.4074912, -0.845311, -1.378744]
A07492.txt: [1.495268, -1.204115, -1.9383932]
A03192.txt: [0.5859257, -0.66662043, -1.4423461]
A15069.txt: [1.9040611, -0.74689114, -1.2267083]
A14439.txt: [1.0168035, -1.2930065, -1.9889616]
A00699.txt: [0, 0, 0]
A02059.txt: [1.4428767, -1.3915707, -1.5139858]
A11769.txt: [0, 0, 0]
A12274.txt: [0, 0, 0]
A18981.txt: [0, 0, 0]
A89915.txt: [0, 0, 0]
A12738.txt: [0, 0, 0]
A04166.txt: [0, 0, 0]
B07428.txt: [0, 0, 0]
B12019.txt: [0, 0, 0]
A08172.txt: [1.0151476, -1.3904183, -1.6748207]
A18407.txt: [1.3475344, -0.75387865, -1.6813257]
A15137.txt: [0, 0, 0]
A04774.txt: [0, 0, 0]
A73259.txt: [0, 0, 0]
B08135.txt: [0, 0, 0]
A01426.txt: [0, 0, 0]
A12466.txt: [1.7604959, -1.1308608, -1.6316237]
A11806.txt: [0, 0, 0]
A20364.txt: [1.2723935, -0.9257316, -1.8466513]
A09906.txt: [0, 0, 0]
A14770.txt: [0, 0, 0]
A12467.txt: [2.368868, -1.3776695, -1.3495404]
A12473.txt: [1.8675884, -0.54862875, -2.0824459]
A10502.txt: [0, 0, 0]
A13745.txt: [0, 0, 0]
A19903.txt: [0, 0, 0]
A03032.txt: [0, 0, 0]
A13235.txt: [1.2853594, -1.3718035, -1.3432301]
A03185.txt: [1.225506, -1.644082, -1.966707]
A05279.txt: [0, 0, 0]
A08761.txt: [0, 0, 0]
B15207.txt: [0, 0, 0]
A02099.txt: [1.0893676, -1.5955379, -2.541943]
A00665.txt: [0, 0, 0]
A16985.txt: [0, 0, 0]
A08538.txt: [0, 0, 0]
A17418.txt: [0, 0, 0]
A09626.txt: [0, 0, 0]
A13118.txt: [1.5744723, -0.5614519, -1.7219427]
A18071.txt: [0, 0, 0]
A14688.txt: [0, 0, 0]
A01291.txt: [0, 0, 0]
A18501.txt: [0, 0, 0]
A15794.txt: [0.4103434, -0.7247383, -1.032825]
A18475.txt: [0, 0, 0]
A73571.txt: [0, 0, 0]
A01454.txt: [0, 0, 0]
A01483.txt: [0, 0, 0]
A17587.txt: [0, 0, 0]
B14792.txt: [1.4724708, -1.6948615, -1.8682528]
A02606.txt: [2.1178617, -0.6960241, -1.5281584]
A68150.txt: [0, 0, 0]
A13290.txt: [2.0591376, -1.2304249, -1.1252792]
A01694.txt: [1.121028, -1.0484492, -1.4098165]
A12830.txt: [1.1632481, -0.26267225, -1.4876477]
A13535.txt: [0, 0, 0]
A14514.txt: [1.8396691, -1.544716, -1.0024068]
A10821.txt: [1.2355974, -1.4395242, -1.6287307]
B14433.txt: [1.8796747, -0.5751045, -1.5308515]
A10809.txt: [0, 0, 0]
A68795.txt: [0, 0, 0]
A16539.txt: [0, 0, 0]
A12777.txt: [1.6733246, -1.2181346, -1.0751495]
A09800.txt: [0, 0, 0]
A09169.txt: [1.9894222, -0.65911615, -1.1805472]
A19352.txt: [0, 0, 0]
A16711.txt: [2.0008738, -0.82578605, -0.9092192]
A14660.txt: [1.4784496, -1.8375385, -2.0566344]
A02758.txt: [2.033445, -1.0763267, -1.2640314]
A11056.txt: [1.9272344, -1.0603744, -0.9708184]
A18933.txt: [0, 0, 0]
A01292.txt: [0, 0, 0]
A16275.txt: [0.55718553, -1.4367965, -2.018028]
A16507.txt: [2.2691338, -0.7615321, -1.1056372]
A08063.txt: [1.2507905, -1.3097932, -1.6026282]
A20076.txt: [0, 0, 0]
A19191.txt: [0, 0, 0]
A06927.txt: [1.6244135, -0.68471175, -1.4244752]
A14516.txt: [2.0992992, -0.50700355, -1.8064129]
A19768.txt: [0, 0, 0]
A68146.txt: [0, 0, 0]
A07768.txt: [0, 0, 0]
A10228.txt: [0.64560246, -1.4617773, -1.5793769]
A01443.txt: [1.735881, 0.45598298, -1.5772051]
A13053.txt: [1.1649548, -1.2892654, -1.6731077]
A11863.txt: [2.0982218, -0.45688882, -1.6420615]
A07967.txt: [1.969978, -1.4732877, -1.1138407]
A21036.txt: [0, 0, 0]
A02823.txt: [0, 0, 0]
A07782.txt: [0, 0, 0]
A02836.txt: [0, 0, 0]
A05817.txt: [0, 0, 0]
A97352.txt: [0, 0, 0]
A97346.txt: [2.1252823, -1.0978632, -1.2828825]
A10215.txt: [0, 0, 0]
A01867.txt: [1.3111353, -0.25583252, -1.5445204]
A07225.txt: [0, 0, 0]
A02361.txt: [2.315867, -0.84044373, -1.839236]
A12166.txt: [0, 0, 0]
A14517.txt: [2.2132134, -0.6297856, -1.1482399]
A04843.txt: [0, 0, 0]
A06098.txt: [0, 0, 0]
A09383.txt: [0, 0, 0]
A20088.txt: [0.86727834, -0.751435, -1.4301481]
A18259.txt: [1.0540928, -1.9280375, -1.0093359]
A14305.txt: [1.5464371, -0.34253818, -2.0183427]
A01287.txt: [0, 0, 0]
B14801.txt: [2.3587537, -1.6649995, -1.9953278]
A18711.txt: [1.2369467, -0.6497352, -1.825564]
A02775.txt: [2.2869174, -1.3128344, -1.4959595]
A08258.txt: [0, 0, 0]
A22328.txt: [2.0037687, -0.94653, -1.0426297]
A03494.txt: [0, 0, 0]
A17387.txt: [0, 0, 0]
B01207.txt: [0, 0, 0]
A19625.txt: [0, 0, 0]
A16264.txt: [0, 0, 0]
A01095.txt: [0.31084526, -1.4052942, -1.1698269]
A03696.txt: [0, 0, 0]
A20067.txt: [1.0196152, -1.6656415, -1.8925139]
A09387.txt: [0, 0, 0]
A16338.txt: [0, 0, 0]
A14513.txt: [1.5396978, -0.80368215, -1.4281986]
A16489.txt: [1.0351597, -1.1055806, -1.9002632]
A13042.txt: [1.9093691, -0.97378176, -1.3740543]
A00980.txt: [0, 0, 0]
A01446.txt: [0, 0, 0]
B11821.txt: [1.8594681, -0.19240272, -1.634504]
A09740.txt: [1.1497613, -0.2762447, -1.9315476]
A17595.txt: [2.071469, -0.88967997, -1.1438764]
A02826.txt: [2.1219974, -1.3368876, -1.2435223]
A19590.txt: [2.0757077, -1.063289, -1.0594314]
A14923.txt: [0, 0, 0]
A09741.txt: [0, 0, 0]
A13057.txt: [0.8972643, -1.7774519, -1.6449318]
A08311.txt: [0, 0, 0]
A03250.txt: [0, 0, 0]
A07988.txt: [0, 0, 0]
A15803.txt: [0, 0, 0]
B07515.txt: [0, 0, 0]
A14512.txt: [2.1963534, -0.34279367, -1.7118533]
A20847.txt: [2.115736, -1.1063454, -1.1048701]
A13533.txt: [0, 0, 0]
A20072.txt: [1.186792, -1.7839279, -1.7399108]
B16236.txt: [2.077687, -1.3991448, -1.1330854]
A12956.txt: [0, 0, 0]
A10199.txt: [0, 0, 0]
A06704.txt: [0, 0, 0]
A13447.txt: [0, 0, 0]
A07432.txt: [0, 0, 0]
A15591.txt: [1.7038031, -1.3245437, -1.2701582]
A16701.txt: [0, 0, 0]
B11942.txt: [1.9283378, -0.30788577, -0.90385246]
A12203.txt: [0, 0, 0]
A14114.txt: [0, 0, 0]
A17384.txt: [0, 0, 0]
A18909.txt: [0, 0, 0]
A03497.txt: [0, 0, 0]
A09810.txt: [2.5286252, -0.99655956, -1.0522823]
A72252.txt: [0, 0, 0]
A16918.txt: [1.2951376, -1.4262172, -2.0023293]
A67893.txt: [0, 0, 0]
A17810.txt: [0, 0, 0]
A06128.txt: [1.0671095, -1.1150032, -1.4717532]
A14510.txt: [1.7782335, -1.2870377, -1.4129041]
A17019.txt: [0, 0, 0]
A10010.txt: [0, 0, 0]
A17958.txt: [2.698417, -1.3059113, -1.7988986]
A14289.txt: [0, 0, 0]
A09757.txt: [0, 0, 0]
A14909.txt: [0, 0, 0]
A16851.txt: [0, 0, 0]
A01444.txt: [1.735881, 0.45598298, -1.5772051]
A13732.txt: [0, 0, 0]
B11348.txt: [1.77115, -1.0674013, -1.4447186]
A17018.txt: [0, 0, 0]
A14511.txt: [2.3263595, -0.5904403, -1.8914378]
A01108.txt: [2.3896034, -1.1042184, -0.9090264]
A15627.txt: [1.8605986, -0.8468867, -1.3041053]
A04845.txt: [0, 0, 0]
A15035.txt: [1.2341083, -1.1569935, -2.036323]
A19394.txt: [0, 0, 0]
A06288.txt: [1.4638011, -1.6995108, -1.8541042]
A17385.txt: [0, 0, 0]
A05781.txt: [2.0486622, -0.7836009, -1.6114786]
A16702.txt: [0, 0, 0]
A01256.txt: [2.4634182, -1.3717704, -0.7742019]
A06534.txt: [0, 0, 0]
A11074.txt: [0, 0, 0]
A08257.txt: [1.7893996, -1.3366712, -1.405437]
B13142.txt: [2.7615879, -0.74944127, -1.4987305]
A18939.txt: [2.2727027, -0.4673801, -1.4812754]
A15992.txt: [0.91404325, -1.1741676, -0.87728363]
A09411.txt: [0, 0, 0]
A19602.txt: [2.1302109, -0.6038431, -1.2792811]
A11510.txt: [0, 0, 0]
A04690.txt: [2.3553, -0.8854243, -1.058358]
A17808.txt: [1.9475355, -0.6373521, -1.514819]
B11386.txt: [2.2961912, -0.86610425, -1.605282]
A14520.txt: [1.9835587, -1.3393254, -1.4637349]
A00555.txt: [2.3303006, -1.4320147, -1.4935153]
A10746.txt: [0, 0, 0]
A13529.txt: [0, 0, 0]
A20849.txt: [1.7919972, -1.4554307, -1.1472058]
A06118.txt: [0.71215874, -1.799078, -1.7158674]
A17001.txt: [0, 0, 0]
A08690.txt: [0, 0, 0]
A06468.txt: [0.52107537, -1.0509512, -1.9085913]
A19548.txt: [0, 0, 0]
A11115.txt: [0, 0, 0]
A68617.txt: [2.0753255, -0.6338879, -1.5622694]
A06694.txt: [2.4208272, -1.3706388, -1.0603864]
A02394.txt: [1.1126006, -0.48804846, -1.5454597]
A17000.txt: [0, 0, 0]
A08134.txt: [0, 0, 0]
A19987.txt: [0, 0, 0]
A14521.txt: [1.9997826, -1.2121927, -1.5492116]
A19763.txt: [0, 0, 0]
A19824.txt: [0, 0, 0]
A04849.txt: [1.6659198, -0.9233958, -1.4963465]
A04691.txt: [2.3652616, -0.88918805, -1.1369718]
B01023.txt: [0, 0, 0]
A07367.txt: [0, 0, 0]
A05570.txt: [0, 0, 0]
A13306.txt: [2.5992744, -1.1778363, -1.7523403]
A11511.txt: [0, 0, 0]
A02223.txt: [0.96935225, -1.5870484, -1.4760815]
A09376.txt: [0, 0, 0]
A06737.txt: [0, 0, 0]
A17389.txt: [0, 0, 0]
A13110.txt: [2.0969722, -1.8297733, -1.2615064]
A08256.txt: [1.7422956, -1.2655982, -1.4173976]
A07165.txt: [2.219483, -0.7925607, -1.2732549]
A08242.txt: [0, 0, 0]
A03459.txt: [1.4595524, -1.266248, -1.5681019]
A10357.txt: [1.8005869, -0.5887815, -1.5494161]
A16718.txt: [2.5244284, -0.41842023, -1.4871315]
A07826.txt: [0, 0, 0]
B01237.txt: [0, 0, 0]
B14174.txt: [0, 0, 0]
A14872.txt: [0, 0, 0]
A15991.txt: [0, 0, 0]
B08005.txt: [1.5568299, -2.0924149, -2.0753057]
A05599.txt: [0, 0, 0]
B14376.txt: [1.0978999, -1.1328055, -1.0601858]
A08122.txt: [2.4091196, -1.1688447, -1.6279278]
A16308.txt: [1.6461977, -1.402713, -1.4591124]
A16485.txt: [0, 0, 0]
A14292.txt: [1.7084141, -0.67536795, -1.7757419]
A81935.txt: [2.3076956, -0.04228209, -1.7796575]
A68615.txt: [0, 0, 0]
A12807.txt: [0, 0, 0]
A01338.txt: [0, 0, 0]
A22287.txt: [2.7750561, -1.478084, -0.5709821]
A16687.txt: [1.7801062, -1.2808975, -1.5460404]
A22250.txt: [2.616482, -1.2363964, -0.9169095]
A69047.txt: [1.8080199, -1.5541393, -1.7000059]
A22537.txt: [2.2987757, -0.9785283, -1.6175212]
A16679.txt: [1.6007909, -2.513749, -2.543248]
A11116.txt: [0, 0, 0]
A02624.txt: [0.6801338, -1.5196742, -1.7823346]
A06456.txt: [0, 0, 0]
A16490.txt: [0, 0, 0]
A00580.txt: [0, 0, 0]
A12609.txt: [0, 0, 0]
A08123.txt: [2.4091196, -1.1688447, -1.6279278]
A22641.txt: [0, 0, 0]
A16282.txt: [0, 0, 0]
A01932.txt: [2.9303145, -1.215933, -1.232762]
A19628.txt: [0, 0, 0]
A18250.txt: [0, 0, 0]
A16269.txt: [0.9841657, -2.3822703, -2.2243736]
A13477.txt: [2.3225963, -0.7739968, -1.2709767]
A04645.txt: [1.5060804, -1.4494989, -1.826443]
A20081.txt: [0, 0, 0]
A07600.txt: [1.13589, -1.0787501, -1.8821542]
A10354.txt: [2.7920737, -1.9710599, -1.2605921]
A11072.txt: [0, 0, 0]
A16053.txt: [0, 0, 0]
A15599.txt: [0, 0, 0]
A22447.txt: [1.7571436, -0.42935994, -1.0535276]
A08047.txt: [0, 0, 0]
A11516.txt: [0, 0, 0]
A16523.txt: [0, 0, 0]
A03648.txt: [1.6920967, -0.60656124, -1.5649045]
A17832.txt: [0, 0, 0]
A16286.txt: [2.639106, -1.6823932, -1.0830755]
A03066.txt: [1.5426987, -0.43515596, -1.5812694]
A05417.txt: [0, 0, 0]
A14254.txt: [0, 0, 0]
A09205.txt: [1.7953011, -1.2190425, -1.9093763]
A14526.txt: [1.7782335, -1.2870377, -1.4129041]
A12180.txt: [0, 0, 0]
A13705.txt: [2.0902267, -0.75839263, -1.683848]
A07770.txt: [0, 0, 0]
A14095.txt: [2.2498865, -1.3737127, -1.9519523]
A16682.txt: [0, 0, 0]
A20442.txt: [2.2171237, -1.2108394, -1.4792821]
A20443.txt: [1.7495818, -0.20102797, -1.2257589]
B14004.txt: [2.2794118, -0.8257618, -1.3063473]
A00977.txt: [0, 0, 0]
A14916.txt: [0, 0, 0]
A11649.txt: [0, 0, 0]
A10231.txt: [1.1230423, -0.64518195, -1.3160567]
A09990.txt: [0, 0, 0]
A16495.txt: [2.611011, -1.1482334, -0.9022302]
B12105.txt: [0, 0, 0]
A05370.txt: [0, 0, 0]
A18335.txt: [0, 0, 0]
A19822.txt: [0, 0, 0]
A02225.txt: [0, 0, 0]
A12778.txt: [0.7288374, -1.3031625, -1.0436125]
A09833.txt: [0, 0, 0]
A03477.txt: [0, 0, 0]
A07605.txt: [0, 0, 0]
A08536.txt: [0, 0, 0]
A14653.txt: [0, 0, 0]
A02031.txt: [0, 0, 0]
A08508.txt: [2.756053, -1.3081113, -1.910244]
A20509.txt: [2.4308414, -1.0273578, -1.3513796]
A07834.txt: [0, 0, 0]
A07363.txt: [0, 0, 0]
A66951.txt: [1.1283247, -0.7182075, -1.2767783]
A07439.txt: [0.7164621, -0.80457956, -1.4241147]
A21429.txt: [0, 0, 0]
A14519.txt: [1.8533826, -1.3907957, -1.2627394]
A03065.txt: [0, 0, 0]
A72844.txt: [0, 0, 0]
A12140.txt: [0, 0, 0]
A00593.txt: [1.9005337, -1.2195432, -1.9666662]
A15363.txt: [0, 0, 0]
A08440.txt: [1.6339287, -1.0601143, -0.86631685]
A09010.txt: [1.1515648, -1.4095868, -2.396534]
A02623.txt: [0.9044917, -1.0473909, -2.2549472]
A18109.txt: [0, 0, 0]
A16864.txt: [1.6756839, -0.39751047, -1.9692382]
B14007.txt: [0.8600696, -1.785497, -1.9978446]
A10226.txt: [1.468503, -1.1223874, -1.2400534]
A09039.txt: [0, 0, 0]
A08327.txt: [0, 0, 0]
A13075.txt: [0, 0, 0]
A02178.txt: [0, 0, 0]
A16482.txt: [0, 0, 0]
A06134.txt: [1.1416285, -1.7585367, -2.066654]
A22928.txt: [0, 0, 0]
A10024.txt: [0, 0, 0]
A14524.txt: [2.4346998, -1.0732667, -0.91231793]
A07216.txt: [1.1696079, -0.66769755, -0.8625876]
A06108.txt: [0, 0, 0]
A16469.txt: [0, 0, 0]
A14518.txt: [1.9190049, -1.1635587, -1.2839876]
A01049.txt: [0, 0, 0]
A03886.txt: [0, 0, 0]
A16247.txt: [1.8560488, -1.3596357, -1.2669297]
A05575.txt: [0, 0, 0]
A00419.txt: [0, 0, 0]
A08247.txt: [1.511638, -1.8938515, -2.1501586]
A13628.txt: [0.8645417, -1.5349048, -1.6899676]
A69184.txt: [1.9875518, -1.2399926, -1.3804789]
A03413.txt: [1.5173624, -1.0645119, -1.7014842]
A13172.txt: [0, 0, 0]
A01576.txt: [0, 0, 0]
A13833.txt: [0, 0, 0]
A11229.txt: [0.927735, -1.4273705, -1.7554218]
A02255.txt: [2.1941323, -0.65095335, -1.4723742]
A01006.txt: [1.7543259, -1.24803, -1.5161998]
B07424.txt: [0.9119941, -1.0064696, -1.708739]
A10725.txt: [1.4302536, -1.7012248, -1.5263193]
A10057.txt: [2.23571, -1.4897599, -0.99225825]
A07517.txt: [0, 0, 0]
A19729.txt: [1.9974037, -1.2995427, -1.1086195]
A69225.txt: [1.552613, -0.5760097, -1.5437429]
A02484.txt: [1.9347032, -1.6110654, -0.8881291]
A20619.txt: [0, 0, 0]
A16156.txt: [0, 0, 0]
A01364.txt: [0, 0, 0]
A20624.txt: [0, 0, 0]
A15847.txt: [1.1262941, -1.6796168, -1.1552953]
A09513.txt: [0, 0, 0]
A13417.txt: [1.2341111, -0.95737976, -1.3872613]
A15072.txt: [2.081997, -0.52714974, -1.1354985]
A06768.txt: [1.5195903, -1.7090772, -1.7792058]
A04619.txt: [0, 0, 0]
A01991.txt: [0, 0, 0]
A03406.txt: [0, 0, 0]
A11994.txt: [0, 0, 0]
A12523.txt: [0, 0, 0]
A73861.txt: [2.4554927, -0.8457476, -1.4639559]
A02732.txt: [0, 0, 0]
A13159.txt: [0, 0, 0]
A19312.txt: [2.1465716, -0.8937901, -1.2149209]
A08545.txt: [0, 0, 0]
A73849.txt: [1.6219862, -1.1920909, -1.1154791]
A22435.txt: [2.3813665, -0.48270807, -1.5641034]
A13830.txt: [0, 0, 0]
A04633.txt: [0.9096924, -1.3770534, -2.010889]
A13415.txt: [1.2341111, -0.95737976, -1.3872613]
A14408.txt: [0, 0, 0]
A20829.txt: [0, 0, 0]
A19070.txt: [0, 0, 0]
A09277.txt: [0, 0, 0]
A05303.txt: [0, 0, 0]
A11404.txt: [0, 0, 0]
A19058.txt: [0, 0, 0]
B08106.txt: [0, 0, 0]
A15845.txt: [1.2835996, -1.6864396, -1.4350377]
B12610.txt: [0, 0, 0]
A12455.txt: [1.3584272, -0.9562231, -1.6469034]
A11612.txt: [0, 0, 0]
A12469.txt: [1.4044679, -1.1903031, -1.5495701]
A68475.txt: [0, 0, 0]
A14958.txt: [2.6320128, -1.201345, -1.4557997]
A16183.txt: [0, 0, 0]
A01428.txt: [0.98684186, -1.5403796, -1.4078602]
A15850.txt: [0, 0, 0]
A06192.txt: [0.63051474, -1.7714312, -1.9666252]
A07267.txt: [0, 0, 0]
A18421.txt: [0, 0, 0]
A07515.txt: [1.5815651, -1.0861319, -0.8676501]
A15139.txt: [0, 0, 0]
A05458.txt: [0, 0, 0]
A72029.txt: [0, 0, 0]
A05289.txt: [1.932368, -0.9611294, -1.4110463]
A03149.txt: [1.6646501, -0.14195937, -2.0964196]
A72217.txt: [1.9271859, -0.34741542, -1.9694012]
A11954.txt: [0, 0, 0]
A69145.txt: [0, 0, 0]
A03411.txt: [0, 0, 0]
A13170.txt: [0, 0, 0]
A08550.txt: [0, 0, 0]
A09666.txt: [0, 0, 0]
A08578.txt: [0, 0, 0]
A19313.txt: [1.2551787, -0.9643292, -0.94929904]
A03415.txt: [0, 0, 0]
A14155.txt: [2.0600154, -1.1588777, -0.98311275]
A02904.txt: [0, 0, 0]
A16795.txt: [1.994532, -0.8935468, -1.2486745]
A04391.txt: [0, 0, 0]
A13821.txt: [0, 0, 0]
A16959.txt: [0, 0, 0]
A10131.txt: [1.262019, 0.15437895, -1.7946423]
A68061.txt: [0, 0, 0]
A04187.txt: [0, 0, 0]
A01160.txt: [0, 0, 0]
A20804.txt: [0, 0, 0]
A23464.txt: [2.063875, 0.05449305, -1.5595937]
A17500.txt: [0, 0, 0]
A12478.txt: [0, 0, 0]
A03207.txt: [0, 0, 0]
A16622.txt: [0, 0, 0]
A21071.txt: [0, 0, 0]
A14974.txt: [0, 0, 0]
A07935.txt: [0, 0, 0]
A11831.txt: [2.3813245, -0.88516784, -1.1044154]
A16804.txt: [0, 0, 0]
A16151.txt: [0, 0, 0]
A03206.txt: [0.9803978, -1.4576886, -2.5125399]
A04569.txt: [0, 0, 0]
A05105.txt: [0.93517715, -1.7046729, -2.1135478]
A08804.txt: [0, 0, 0]
A68672.txt: [0, 0, 0]
A19060.txt: [0.7293928, -0.12006368, -1.4197637]
A08179.txt: [1.2196504, -1.3818054, -1.6899481]
A13217.txt: [1.7542, -1.028058, -1.7752616]
A10130.txt: [0, 0, 0]
A17887.txt: [0, 0, 0]
B15782.txt: [0, 0, 0]
A13820.txt: [0, 0, 0]
A13834.txt: [0.17855754, -1.646988, -1.4246466]
A04390.txt: [0, 0, 0]
A18961.txt: [0, 0, 0]
A02087.txt: [0, 0, 0]
A08541.txt: [1.4796058, -0.87534624, -1.2408353]
A03416.txt: [2.0752964, -1.4195431, -1.2945622]
A11774.txt: [0, 0, 0]
A14803.txt: [2.279128, -1.4004221, -1.4469072]
A13836.txt: [0, 0, 0]
A01017.txt: [1.8054191, -1.3985106, -1.8468686]
A07466.txt: [0, 0, 0]
A02522.txt: [2.1014087, -1.3291996, -1.6638391]
A08966.txt: [0.8662694, -1.4899253, -1.7113594]
A01956.txt: [0, 0, 0]
A20807.txt: [2.358384, -0.9230016, -1.3331541]
A11416.txt: [0, 0, 0]
A05339.txt: [2.2320065, -1.3408378, -1.7413158]
A20620.txt: [0, 0, 0]
A08812.txt: [0, 0, 0]
A02495.txt: [0, 0, 0]
A19260.txt: [1.2384874, -1.5942432, -1.6322606]
A00725.txt: [1.4615356, -1.0712382, -1.548993]
A04581.txt: [2.0714087, -1.1306062, -1.43572]
A14976.txt: [0, 0, 0]
A16807.txt: [0, 0, 0]
A06433.txt: [0, 0, 0]
A02655.txt: [2.0744877, -0.84268874, -1.825383]
A04224.txt: [0, 0, 0]
B07540.txt: [1.822818, -0.86993855, -1.483404]
A02325.txt: [1.70801, -0.6583371, -1.6795257]
A12136.txt: [0, 0, 0]
A06786.txt: [1.7493291, -0.76031053, -1.4828784]
A16556.txt: [0, 0, 0]
A11205.txt: [0, 0, 0]
A22354.txt: [1.9185902, -1.038424, -1.2155411]
A04393.txt: [0, 0, 0]
A05099.txt: [0, 0, 0]
A22340.txt: [2.089184, -0.49866816, -1.5578735]
A00888.txt: [1.9330592, -0.9177331, -1.756292]
A09674.txt: [0, 0, 0]
A17310.txt: [1.9164602, -1.3365303, -2.116183]
