A14614.txt: [-2.0750067, -0.85972214, -1.5679061]
A10664.txt: [0.8641691, 0.67827874, 0.08175037]
A13345.txt: [0, 0, 0]
A20770.txt: [-2.3555424, -1.0680044, -2.3577995]
A19683.txt: [-1.4446814, 0.24287528, -2.1230948]
A05282.txt: [0, 0, 0]
A00503.txt: [0, 0, 0]
A11368.txt: [-1.4031006, -0.4505187, -1.7929943]
A12649.txt: [-0.9206104, 0.37383994, -1.7769175]
A05335.txt: [-0.7709503, -0.3883795, -1.4083213]
A68683.txt: [-0.73634356, -0.0002941999, -1.9436835]
A18416.txt: [0, 0, 0]
B11307.txt: [0.35348156, 0.45340982, -0.8899275]
A71305.txt: [-0.68570554, 0.057040155, -1.2788355]
A68132.txt: [-1.385785, 0.21202786, -2.1796618]
A09043.txt: [0.45808843, 0.4428222, -0.50059044]
A13755.txt: [0, 0, 0]
A15324.txt: [0, 0, 0]
A21056.txt: [0, 0, 0]
A11802.txt: [-0.21898514, 0.62335694, -1.1591977]
B00960.txt: [0, 0, 0]
A13542.txt: [0, 0, 0]
A05320.txt: [0, 0, 0]
A20188.txt: [0, 0, 0]
A08764.txt: [0, 0, 0]
A01581.txt: [0, 0, 0]
A68251.txt: [0, 0, 0]
A22364.txt: [0, 0, 0]
A05056.txt: [0, 0, 0]
A04389.txt: [-2.9499693, -2.0891602, -0.9442587]
B13659.txt: [0, 0, 0]
A11223.txt: [0, 0, 0]
A13434.txt: [0, 0, 0]
A08014.txt: [0, 0, 0]
A00448.txt: [0, 0, 0]
A03800.txt: [0, 0, 0]
A18429.txt: [0, 0, 0]
A12138.txt: [0, 0, 0]
A01622.txt: [-0.7868808, 0.07280596, -1.2929596]
B14268.txt: [-0.7514825, 0.1401992, -1.3292438]
A20607.txt: [0, 0, 0]
A71306.txt: [-0.3139214, 0.18211176, -1.2285413]
A15469.txt: [0, 0, 0]
A12460.txt: [-0.5513384, 0.5213087, -1.3859825]
A14005.txt: [0, 0, 0]
A11627.txt: [-1.6891731, -0.15876324, -1.3110307]
B00023.txt: [0, 0, 0]
A73707.txt: [0, 0, 0]
A69038.txt: [-0.05448846, 0.34527066, -0.79058474]
A73706.txt: [0, 0, 0]
A22213.txt: [0, 0, 0]
A11154.txt: [0, 0, 0]
A12475.txt: [0, 0, 0]
A12461.txt: [0.13410938, 0.4500354, -1.1000249]
B00963.txt: [0.8099132, 0.9783694, -0.74174815]
A11395.txt: [-0.61368376, 0.045059625, -1.3461032]
A71307.txt: [-0.6726, -0.046240233, -1.0715113]
A72801.txt: [-1.9832798, 0.17847702, -2.0262752]
A05280.txt: [0, 0, 0]
A15093.txt: [-2.076117, -1.0049051, -0.9239467]
A06789.txt: [-1.2631633, -0.12351812, -1.7387646]
A14399.txt: [-0.9209343, -0.2825757, -1.6143491]
A20766.txt: [0, 0, 0]
A01743.txt: [-1.2419698, -0.42819712, -1.8187516]
A15050.txt: [0, 0, 0]
A11791.txt: [0, 0, 0]
A68246.txt: [-0.48478454, 0.16374233, -1.3074924]
A21108.txt: [0.075996414, 0.31270263, -0.79033667]
A20202.txt: [0, 0, 0]
A16968.txt: [0, 0, 0]
A17445.txt: [0, 0, 0]
A17337.txt: [-1.2909561, 0.3157308, -1.6099474]
A09109.txt: [-0.13293943, 0.5119982, -0.9939544]
A09135.txt: [-2.1817415, -1.0383241, -1.7011762]
A03418.txt: [0, 0, 0]
A01551.txt: [0, 0, 0]
A02702.txt: [0, 0, 0]
A18028.txt: [-1.107057, 0.012876977, -1.5264137]
A72226.txt: [0, 0, 0]
A22363.txt: [0, 0, 0]
B13489.txt: [0.15118974, 0.7093734, -0.44705775]
A01009.txt: [-0.53554577, -0.12088421, -1.7850537]
A17119.txt: [-0.28315812, 0.52991986, -1.1250579]
A16207.txt: [0, 0, 0]
A15097.txt: [0.19365655, -0.583927, -0.6922229]
A04824.txt: [-0.674019, -1.088031, -1.8283887]
A19691.txt: [0, 0, 0]
A63883.txt: [0, 0, 0]
A20831.txt: [0, 0, 0]
A07524.txt: [0, 0, 0]
A11408.txt: [-0.28417885, 0.3210422, -1.3400785]
A00505.txt: [-1.8082079, 0.11934487, -2.4185936]
A04763.txt: [-0.89574075, 0.4688512, -1.7994843]
A12698.txt: [0, 0, 0]
A20158.txt: [-2.4462337, -1.3862463, -1.9685472]
A15685.txt: [-2.259906, -2.1462321, -1.5701976]
B15167.txt: [0, 0, 0]
A19256.txt: [0, 0, 0]
A12317.txt: [-0.96619564, 0.13238831, -1.3471688]
A12471.txt: [-0.85586274, -0.3698127, -2.2581067]
A69028.txt: [1.084485, 0.9182797, 0.6604904]
A20414.txt: [-0.3135493, -0.04709826, -0.6347597]
A22216.txt: [0, 0, 0]
A68445.txt: [-1.8170997, -0.077418305, -2.463439]
A01395.txt: [-0.118174925, 0.052818928, -1.0410423]
A12470.txt: [0, 0, 0]
A12458.txt: [0.067641936, -0.89387417, -0.8644374]
A03233.txt: [0, 0, 0]
A73267.txt: [0, 0, 0]
A04762.txt: [0, 0, 0]
A00504.txt: [0, 0, 0]
A02475.txt: [-1.10576, -0.11679599, -1.6816114]
A08164.txt: [0, 0, 0]
A01975.txt: [0.014954105, 0.2579203, -0.5393812]
A07492.txt: [0, 0, 0]
A03192.txt: [0, 0, 0]
A15069.txt: [-0.6573133, 0.5137235, -1.6611103]
A14439.txt: [0.50023705, -0.6424025, -0.1295447]
A00699.txt: [0, 0, 0]
A02059.txt: [0, 0, 0]
A11769.txt: [0, 0, 0]
A12274.txt: [0, 0, 0]
A18981.txt: [0, 0, 0]
A89915.txt: [0.70411074, 0.6956899, 0.06556687]
A12738.txt: [-0.9382214, -0.05267739, -1.4280409]
A04166.txt: [-1.4080778, -0.4483163, -1.3684732]
B07428.txt: [0, 0, 0]
B12019.txt: [-0.55666614, -0.30698314, -1.2700956]
A08172.txt: [0, 0, 0]
A18407.txt: [0, 0, 0]
A15137.txt: [0, 0, 0]
A04774.txt: [-1.7340229, -1.9661543, -1.0679424]
A73259.txt: [0, 0, 0]
B08135.txt: [-1.8596375, 0.26915646, -2.3068357]
A01426.txt: [0, 0, 0]
A12466.txt: [1.1953316, 0.8118565, -0.26874754]
A11806.txt: [0.08723568, -0.46715724, -0.8424014]
A20364.txt: [-1.1482191, -1.367777, -1.4399769]
A09906.txt: [0, 0, 0]
A14770.txt: [-2.0490654, -1.5084901, -1.4633573]
A12467.txt: [0, 0, 0]
A12473.txt: [0, 0, 0]
A10502.txt: [-0.8536969, 0.085052624, -1.5245078]
A13745.txt: [0, 0, 0]
A19903.txt: [-1.0577524, 0.21937819, -1.7553347]
A03032.txt: [0, 0, 0]
A13235.txt: [0, 0, 0]
A03185.txt: [-0.6842274, -0.09940208, -1.5079668]
A05279.txt: [0, 0, 0]
A08761.txt: [0, 0, 0]
B15207.txt: [0, 0, 0]
A02099.txt: [0, 0, 0]
A00665.txt: [-2.048185, -1.4147868, -1.8700801]
A16985.txt: [-0.6813656, -0.5778602, -0.803111]
A08538.txt: [0, 0, 0]
A17418.txt: [-0.7040179, -0.6934098, -0.7996182]
A09626.txt: [0, 0, 0]
A13118.txt: [-0.9921996, -0.14306691, -2.047713]
A18071.txt: [-1.4978862, -0.7964716, -1.2485628]
A14688.txt: [0, 0, 0]
A01291.txt: [0, 0, 0]
A18501.txt: [-0.91522974, -0.33910203, -1.2509652]
A15794.txt: [-0.78983337, -0.46206582, -1.3292443]
A18475.txt: [0, 0, 0]
A73571.txt: [0, 0, 0]
A01454.txt: [-2.5708854, -1.7178544, -2.2333405]
A01483.txt: [-0.9829489, -0.49700993, -1.4859654]
A17587.txt: [-2.8646035, -2.2387736, -2.5621157]
B14792.txt: [-1.0945102, -0.36033696, -1.4087237]
A02606.txt: [0, 0, 0]
A68150.txt: [0, 0, 0]
A13290.txt: [0, 0, 0]
A01694.txt: [0.17294, 0.12666968, -0.844629]
A12830.txt: [0, 0, 0]
A13535.txt: [-0.9096306, -0.23778006, -1.6865529]
A14514.txt: [-0.6851676, -0.5660563, -1.374144]
A10821.txt: [0.5694875, 1.9197067, 0.17813396]
B14433.txt: [0, 0, 0]
A10809.txt: [-1.204775, 0.033670828, -1.259018]
A68795.txt: [-1.542825, -1.4089203, -2.2735438]
A16539.txt: [-2.3743727, -0.66612643, -1.5380328]
A12777.txt: [-0.9132169, 0.22850867, -1.6150138]
A09800.txt: [-1.7042533, -1.6503346, -1.284562]
A09169.txt: [-0.8147531, 0.23290524, -1.2487407]
A19352.txt: [0, 0, 0]
A16711.txt: [0, 0, 0]
A14660.txt: [0, 0, 0]
A02758.txt: [-1.6365981, -1.5920368, -1.7287978]
A11056.txt: [0, 0, 0]
A18933.txt: [-1.8759656, -1.0476863, -1.4302217]
A01292.txt: [0, 0, 0]
A16275.txt: [-1.9337693, -0.8485077, -1.7314118]
A16507.txt: [0.5481582, 0.8394564, -0.87639177]
A08063.txt: [-2.714558, -1.0132871, -1.5029603]
A20076.txt: [-1.0465347, 0.23506309, -1.8383805]
A19191.txt: [0, 0, 0]
A06927.txt: [0, 0, 0]
A14516.txt: [0, 0, 0]
A19768.txt: [-0.8324729, 0.004119788, -1.5865492]
A68146.txt: [-0.97121465, -0.8074174, -0.6297519]
A07768.txt: [-1.7130975, -0.92468846, -1.4044267]
A10228.txt: [-0.95099056, -0.2713913, -1.0753747]
A01443.txt: [0, 0, 0]
A13053.txt: [-1.0374051, -1.3884712, -1.5089492]
A11863.txt: [-1.5970463, -0.03450664, -1.6323797]
A07967.txt: [-1.6091505, -0.72280264, -1.5621091]
A21036.txt: [0, 0, 0]
A02823.txt: [0, 0, 0]
A07782.txt: [-1.819016, -0.32982305, -1.66599]
A02836.txt: [0, 0, 0]
A05817.txt: [-3.404168, -2.0800958, -1.0713948]
A97352.txt: [-0.35232097, -1.1360207, -0.84839344]
A97346.txt: [-0.8489636, 0.28083858, -1.674178]
A10215.txt: [0, 0, 0]
A01867.txt: [-0.4328792, 0.28999943, -1.0942104]
A07225.txt: [-0.2832248, 0.2507595, -1.105861]
A02361.txt: [0, 0, 0]
A12166.txt: [0, 0, 0]
A14517.txt: [0, 0, 0]
A04843.txt: [-1.0712037, -0.5007658, -1.1314533]
A06098.txt: [-1.182685, -0.2832486, -1.4304905]
A09383.txt: [0, 0, 0]
A20088.txt: [0, 0, 0]
A18259.txt: [0, 0, 0]
A14305.txt: [-1.5214605, 0.05559098, -1.7260089]
A01287.txt: [-1.8186003, 0.215428, -1.9882196]
B14801.txt: [-1.1420921, -0.005403501, -1.6798042]
A18711.txt: [0, 0, 0]
A02775.txt: [-0.88423806, 0.12455214, -1.5250126]
A08258.txt: [0, 0, 0]
A22328.txt: [0, 0, 0]
A03494.txt: [0, 0, 0]
A17387.txt: [0, 0, 0]
B01207.txt: [0, 0, 0]
A19625.txt: [-2.2100296, -1.8184355, -1.5718117]
A16264.txt: [-1.0032778, -0.16936448, -1.6128408]
A01095.txt: [-1.5536537, -0.30062994, -1.5376362]
A03696.txt: [0, 0, 0]
A20067.txt: [0, 0, 0]
A09387.txt: [0, 0, 0]
A16338.txt: [-0.9574529, -0.09680764, -1.2999197]
A14513.txt: [0, 0, 0]
A16489.txt: [0.5735202, -0.5161889, -0.5400585]
A13042.txt: [-0.50096023, 0.29371494, -1.5987707]
A00980.txt: [-1.4701723, -0.7590172, -1.045052]
A01446.txt: [0.22137141, -0.67160887, -0.75134677]
B11821.txt: [0, 0, 0]
A09740.txt: [0, 0, 0]
A17595.txt: [-0.55357236, -0.04968816, -1.3847184]
A02826.txt: [-0.85586274, 0.35054943, -1.0214328]
A19590.txt: [-2.045302, -0.66507614, -1.9029884]
A14923.txt: [0, 0, 0]
A09741.txt: [-1.0116208, -0.41611874, -1.342623]
A13057.txt: [0.2921017, 0.87073934, -1.2232401]
A08311.txt: [0, 0, 0]
A03250.txt: [-0.7658749, 0.20664875, -1.359438]
A07988.txt: [-1.4403449, -0.2962605, -1.4561526]
A15803.txt: [0, 0, 0]
B07515.txt: [0, 0, 0]
A14512.txt: [0, 0, 0]
A20847.txt: [-0.95515496, 0.24627276, -1.7923121]
A13533.txt: [-1.4965037, -1.3936611, -0.61214626]
A20072.txt: [0, 0, 0]
B16236.txt: [0, 0, 0]
A12956.txt: [0, 0, 0]
A10199.txt: [-1.5193937, -0.46588168, -1.7546089]
A06704.txt: [-1.0582354, -0.35676855, -1.5979643]
A13447.txt: [0, 0, 0]
A07432.txt: [0, 0, 0]
A15591.txt: [0, 0, 0]
A16701.txt: [-1.50457, -0.87574774, -1.8773897]
B11942.txt: [-0.15266179, 0.028625602, -1.037117]
A12203.txt: [0, 0, 0]
A14114.txt: [-1.7354527, -0.07215041, -2.1787076]
A17384.txt: [-0.74997824, -0.8298267, -1.264837]
A18909.txt: [-0.96531516, -1.2027218, -0.27586126]
A03497.txt: [-0.5949293, 0.46710312, -1.3970981]
A09810.txt: [-0.104043014, 0.77614164, -1.2962582]
A72252.txt: [-1.501425, -0.39670354, -1.6128386]
A16918.txt: [-0.64877707, -0.18270701, -0.9750237]
A67893.txt: [0, 0, 0]
A17810.txt: [0.66391665, 0.8336899, -0.6220369]
A06128.txt: [-0.873378, -1.1197602, -1.1579967]
A14510.txt: [0, 0, 0]
A17019.txt: [0, 0, 0]
A10010.txt: [0, 0, 0]
A17958.txt: [-0.116521485, 0.49261567, -1.5712394]
A14289.txt: [0, 0, 0]
A09757.txt: [0, 0, 0]
A14909.txt: [0, 0, 0]
A16851.txt: [-1.1025817, 0.22475016, -1.6762713]
A01444.txt: [0, 0, 0]
A13732.txt: [0, 0, 0]
B11348.txt: [0, 0, 0]
A17018.txt: [-0.79280764, -0.06421653, -1.9288936]
A14511.txt: [0, 0, 0]
A01108.txt: [1.2091634, -0.34731215, -0.74632853]
A15627.txt: [-1.6059809, -0.9789467, -2.2231863]
A04845.txt: [-1.6166239, -0.2994281, -1.5912244]
A15035.txt: [0, 0, 0]
A19394.txt: [0, 0, 0]
A06288.txt: [0, 0, 0]
A17385.txt: [-1.7482113, -2.3069506, -1.7944672]
A05781.txt: [0, 0, 0]
A16702.txt: [-1.5593361, -0.004721168, -1.8541766]
A01256.txt: [-0.85194623, -0.1621772, -0.6742931]
A06534.txt: [-0.45250574, -0.1974161, -1.1305394]
A11074.txt: [0, 0, 0]
A08257.txt: [-1.6817838, -0.08298025, -2.0264041]
B13142.txt: [-0.37943202, -1.5821384, -1.1888645]
A18939.txt: [0, 0, 0]
A15992.txt: [-1.4109036, -0.071849115, -1.4517895]
A09411.txt: [-1.5690739, -1.2162207, -1.1489085]
A19602.txt: [-1.4724011, -0.40682068, -1.4577782]
A11510.txt: [0, 0, 0]
A04690.txt: [0, 0, 0]
A17808.txt: [-1.4252232, -0.22347942, -1.8915175]
B11386.txt: [-0.091305666, 0.3398352, -1.2972848]
A14520.txt: [0, 0, 0]
A00555.txt: [-1.2868354, 0.19500172, -2.2776017]
A10746.txt: [0, 0, 0]
A13529.txt: [-0.29203624, -0.63185406, -1.1478263]
A20849.txt: [-0.57712615, 0.54837203, -1.37953]
A06118.txt: [-2.725625, -0.8954682, -1.4645011]
A17001.txt: [2.1862938, 1.4452838, 0.095493]
A08690.txt: [-1.2184681, 0.6122493, -2.4058185]
A06468.txt: [-0.6227023, 0.20020871, -1.3259171]
A19548.txt: [0, 0, 0]
A11115.txt: [-1.5482811, 0.67611206, -1.9434673]
A68617.txt: [-0.8087514, -0.18968846, -1.162071]
A06694.txt: [0, 0, 0]
A02394.txt: [0, 0, 0]
A17000.txt: [-1.3171554, -1.3962413, -1.3880285]
A08134.txt: [0, 0, 0]
A19987.txt: [0, 0, 0]
A14521.txt: [0.13139139, 0.57644063, -1.0770193]
A19763.txt: [0, 0, 0]
A19824.txt: [-0.19394451, 0.116168655, -0.8897485]
A04849.txt: [0, 0, 0]
A04691.txt: [-1.886127, 0.5085307, -2.2541091]
B01023.txt: [0, 0, 0]
A07367.txt: [0, 0, 0]
A05570.txt: [0, 0, 0]
A13306.txt: [0, 0, 0]
A11511.txt: [0, 0, 0]
A02223.txt: [0, 0, 0]
A09376.txt: [-1.968411, -0.6130505, -1.5833416]
A06737.txt: [0, 0, 0]
A17389.txt: [0.5982862, 0.5026065, -0.21951908]
A13110.txt: [0, 0, 0]
A08256.txt: [-1.6817838, -0.08298025, -2.0264041]
A07165.txt: [-0.68546295, -0.13966894, -1.2239206]
A08242.txt: [-1.2160512, 0.64703155, -1.8642728]
A03459.txt: [0, 0, 0]
A10357.txt: [-0.35995135, 0.10217822, -1.0665188]
A16718.txt: [-1.4621317, -0.5388994, -1.124681]
A07826.txt: [-2.0931308, -0.25773212, -1.4831706]
B01237.txt: [0, 0, 0]
B14174.txt: [-1.6274747, -0.52991337, -1.4637346]
A14872.txt: [0, 0, 0]
A15991.txt: [-1.7477365, -0.50523716, -1.4438442]
B08005.txt: [0, 0, 0]
A05599.txt: [-1.4085763, -1.4479929, -2.0188532]
B14376.txt: [0, 0, 0]
A08122.txt: [-0.299998, 0.11629822, -1.4412519]
A16308.txt: [-0.82818836, -0.28334165, -0.9569011]
A16485.txt: [-2.062947, -0.3103441, -2.1089907]
A14292.txt: [-0.9694283, -0.0062322686, -1.4168885]
A81935.txt: [-1.2111536, -1.215523, -1.2923262]
A68615.txt: [0, 0, 0]
A12807.txt: [-1.5906831, -1.6367614, -1.5428171]
A01338.txt: [0, 0, 0]
A22287.txt: [0, 0, 0]
A16687.txt: [-0.623397, -0.7195355, -0.99389714]
A22250.txt: [0, 0, 0]
A69047.txt: [-0.9577838, -1.0210698, -1.6127305]
A22537.txt: [0, 0, 0]
A16679.txt: [0.29137498, -0.30137622, -1.210708]
A11116.txt: [-0.70901126, -0.49612975, -1.7835472]
A02624.txt: [0, 0, 0]
A06456.txt: [0, 0, 0]
A16490.txt: [-1.2976011, -0.26596397, -1.1421957]
A00580.txt: [-0.7132131, -0.11005185, -1.3810933]
A12609.txt: [0, 0, 0]
A08123.txt: [-0.24928156, 0.07053404, -1.3165739]
A22641.txt: [-0.7926095, 0.2561179, -1.4961774]
A16282.txt: [-2.1868546, -0.5759342, -1.8354445]
A01932.txt: [-2.0072055, -1.6912308, -1.9358965]
A19628.txt: [-1.300454, -0.17829905, -1.5801038]
A18250.txt: [0, 0, 0]
A16269.txt: [-1.0151645, -0.08987031, -1.2334073]
A13477.txt: [0.079489134, -0.6575631, -0.6869727]
A04645.txt: [0, 0, 0]
A20081.txt: [0, 0, 0]
A07600.txt: [0, 0, 0]
A10354.txt: [0, 0, 0]
A11072.txt: [0, 0, 0]
A16053.txt: [-1.2156069, 0.057248082, -1.7328532]
A15599.txt: [-2.4044566, -1.0218247, -0.7798125]
A22447.txt: [0, 0, 0]
A08047.txt: [0, 0, 0]
A11516.txt: [0, 0, 0]
A16523.txt: [-2.985464, -0.8254863, -2.07291]
A03648.txt: [0, 0, 0]
A17832.txt: [-1.1392254, -0.8681778, -1.9282103]
A16286.txt: [-2.3507862, -1.7162113, -1.9794246]
A03066.txt: [0.8026092, -0.24721184, -0.25283206]
A05417.txt: [0, 0, 0]
A14254.txt: [0, 0, 0]
A09205.txt: [0, 0, 0]
A14526.txt: [0, 0, 0]
A12180.txt: [0, 0, 0]
A13705.txt: [0, 0, 0]
A07770.txt: [0, 0, 0]
A14095.txt: [-1.1207179, -0.97674537, -1.188945]
A16682.txt: [-0.8210228, -0.072457165, -1.7057784]
A20442.txt: [-0.8653479, 0.24555227, -1.4248691]
A20443.txt: [0, 0, 0]
B14004.txt: [-0.20475875, 0.30614305, -1.1319499]
A00977.txt: [-1.1392503, -0.96933544, -1.6378261]
A14916.txt: [-0.5363515, 0.41348782, -1.3561281]
A11649.txt: [-1.9805738, -1.6188483, -1.8764076]
A10231.txt: [-0.5131438, -0.014853121, -1.0999628]
A09990.txt: [0, 0, 0]
A16495.txt: [0.8139493, 0.98734313, -0.6779678]
B12105.txt: [-0.10673613, -0.22151972, -0.7957982]
A05370.txt: [-1.1127405, -0.15577132, -1.7104207]
A18335.txt: [-1.145133, -0.17556246, -1.485737]
A19822.txt: [-1.5159478, -0.31510058, -1.6906178]
A02225.txt: [0, 0, 0]
A12778.txt: [-0.91149163, 0.21163152, -1.5454574]
A09833.txt: [-2.3525476, -0.8490853, -1.8206245]
A03477.txt: [0, 0, 0]
A07605.txt: [0, 0, 0]
A08536.txt: [-1.3305515, -0.2577435, -1.5745195]
A14653.txt: [0, 0, 0]
A02031.txt: [0, 0, 0]
A08508.txt: [0, 0, 0]
A20509.txt: [0, 0, 0]
A07834.txt: [-0.82749444, 0.074584715, -1.3538165]
A07363.txt: [-0.9301947, -0.09525859, -1.3696629]
A66951.txt: [0.13369657, -0.1886631, -0.842134]
A07439.txt: [-2.4119177, -2.001583, -1.7506567]
A21429.txt: [0, 0, 0]
A14519.txt: [0.48427898, 0.48399138, -1.4867047]
A03065.txt: [-0.14714766, 0.07848896, -0.94963264]
A72844.txt: [0, 0, 0]
A12140.txt: [0, 0, 0]
A00593.txt: [-0.5006208, -0.8581874, -1.5473888]
A15363.txt: [0, 0, 0]
A08440.txt: [0, 0, 0]
A09010.txt: [-0.7387116, -0.29529345, -1.4890741]
A02623.txt: [0, 0, 0]
A18109.txt: [0.9701578, -0.2871305, -0.31326073]
A16864.txt: [-1.2376298, 0.19416034, -1.8984413]
B14007.txt: [0.68055576, -0.686586, -0.46390906]
A10226.txt: [-1.3137155, -0.115532786, -0.4645679]
A09039.txt: [0, 0, 0]
A08327.txt: [-0.035260465, -0.38104272, -0.7123087]
A13075.txt: [-1.1463903, -0.2580137, -1.733241]
A02178.txt: [0, 0, 0]
A16482.txt: [0, 0, 0]
A06134.txt: [-1.3882718, -0.34872383, -1.4947253]
A22928.txt: [-1.2464266, -2.2755969, -0.970621]
A10024.txt: [-1.8208929, -1.8204538, -1.7899226]
A14524.txt: [0, 0, 0]
A07216.txt: [0, 0, 0]
A06108.txt: [-1.39171, -0.69369006, -1.3571585]
A16469.txt: [0, 0, 0]
A14518.txt: [-1.495645, 0.14849144, -2.1922722]
A01049.txt: [0, 0, 0]
A03886.txt: [-2.143569, -0.61241436, -1.38901]
A16247.txt: [0, 0, 0]
A05575.txt: [-1.4146943, -0.3543489, -1.3491641]
A00419.txt: [-1.4194225, -0.3327943, -2.0487654]
A08247.txt: [0, 0, 0]
A13628.txt: [0, 0, 0]
A69184.txt: [0, 0, 0]
A03413.txt: [0.9859513, 0.47095305, -1.330462]
A13172.txt: [-1.1319655, -0.15983067, -1.7183537]
A01576.txt: [0, 0, 0]
A13833.txt: [-1.1645867, -0.24507113, -1.0021746]
A11229.txt: [-1.6980754, -0.8296504, -1.2229702]
A02255.txt: [0, 0, 0]
A01006.txt: [-0.7716181, 0.02733603, -1.7578833]
B07424.txt: [0, 0, 0]
A10725.txt: [-1.3392494, -0.09118587, -1.9398551]
A10057.txt: [0, 0, 0]
A07517.txt: [0, 0, 0]
A19729.txt: [-2.02184, -0.6993185, -1.4969587]
A69225.txt: [-0.5478841, -0.44500393, -1.8274484]
A02484.txt: [-1.2314904, -0.022019604, -1.5919268]
A20619.txt: [0, 0, 0]
A16156.txt: [-0.53715837, -0.44991317, -0.9293871]
A01364.txt: [-1.6293976, -0.13913864, -1.5959321]
A20624.txt: [0, 0, 0]
A15847.txt: [-1.6986525, -1.543989, -1.754809]
A09513.txt: [0, 0, 0]
A13417.txt: [0, 0, 0]
A15072.txt: [-0.29221436, 1.0464568, -1.0509346]
A06768.txt: [0, 0, 0]
A04619.txt: [-1.8845296, -1.3250537, -2.5031888]
A01991.txt: [0, 0, 0]
A03406.txt: [-0.53992605, -0.20243469, -1.5277475]
A11994.txt: [-0.32574332, 0.3742723, -0.903218]
A12523.txt: [0, 0, 0]
A73861.txt: [-0.8198369, 0.5169149, -1.5860856]
A02732.txt: [0, 0, 0]
A13159.txt: [-1.617069, -0.43753147, -1.574327]
A19312.txt: [0, 0, 0]
A08545.txt: [-2.3269389, -1.0033883, -1.5731777]
A73849.txt: [0, 0, 0]
A22435.txt: [0, 0, 0]
A13830.txt: [-1.0319561, -0.30804113, -1.0060035]
A04633.txt: [0, 0, 0]
A13415.txt: [-0.67178124, 0.26302764, -1.4081987]
A14408.txt: [0, 0, 0]
A20829.txt: [-1.0136744, 0.60603267, -1.9332261]
A19070.txt: [0, 0, 0]
A09277.txt: [-1.8726795, -1.7150154, -1.7426296]
A05303.txt: [-1.5889435, -1.3384, -1.1917716]
A11404.txt: [-0.73060805, 0.09724066, -1.1490092]
A19058.txt: [0, 0, 0]
B08106.txt: [-1.1633449, 0.24363057, -1.8956954]
A15845.txt: [-1.6347624, -1.5697696, -1.8780812]
B12610.txt: [0, 0, 0]
A12455.txt: [0, 0, 0]
A11612.txt: [0, 0, 0]
A12469.txt: [0, 0, 0]
A68475.txt: [-0.15374944, 0.9825491, -1.3628243]
A14958.txt: [0, 0, 0]
A16183.txt: [-1.8959659, -0.4250651, -1.7868943]
A01428.txt: [0, 0, 0]
A15850.txt: [0, 0, 0]
A06192.txt: [0, 0, 0]
A07267.txt: [0, 0, 0]
A18421.txt: [-0.08789703, 0.7410384, -1.419913]
A07515.txt: [0.5124103, 0.52246, -1.2337757]
A15139.txt: [0, 0, 0]
A05458.txt: [0, 0, 0]
A72029.txt: [0, 0, 0]
A05289.txt: [0.37136698, -0.52505785, -1.5818366]
A03149.txt: [-0.36491588, 0.14851682, -1.1946441]
A72217.txt: [0, 0, 0]
A11954.txt: [-0.43357265, 0.14494933, -1.1333497]
A69145.txt: [-2.0355172, -0.79237884, -1.6092579]
A03411.txt: [0.511869, -0.7481842, -0.03660784]
A13170.txt: [-0.88618064, 0.1756446, -1.611291]
A08550.txt: [-0.92383695, 0.6731074, -1.6189634]
A09666.txt: [0, 0, 0]
A08578.txt: [-0.66709363, -0.946454, -1.6010101]
A19313.txt: [-0.34974366, -0.35296693, -1.2225099]
A03415.txt: [-0.70418686, -1.1140808, -1.0189213]
A14155.txt: [-1.0426372, 0.14165753, -0.75125074]
A02904.txt: [-0.756774, -0.5263782, -2.0161626]
A16795.txt: [-0.32372272, 0.4941247, -1.4607881]
A04391.txt: [0, 0, 0]
A13821.txt: [-1.2761098, -0.12601407, -1.4712702]
A16959.txt: [0, 0, 0]
A10131.txt: [0, 0, 0]
A68061.txt: [0, 0, 0]
A04187.txt: [-0.9846537, -0.05508778, -1.219612]
A01160.txt: [0, 0, 0]
A20804.txt: [0, 0, 0]
A23464.txt: [1.039644, 0.6761182, -0.15543588]
A17500.txt: [0, 0, 0]
A12478.txt: [0, 0, 0]
A03207.txt: [-0.8896555, -0.039552983, -1.3709533]
A16622.txt: [0, 0, 0]
A21071.txt: [0, 0, 0]
A14974.txt: [0, 0, 0]
A07935.txt: [0, 0, 0]
A11831.txt: [0, 0, 0]
A16804.txt: [0, 0, 0]
A16151.txt: [-2.843631, -1.4140435, -1.1924571]
A03206.txt: [-1.0607028, -0.48664314, -1.1673568]
A04569.txt: [0, 0, 0]
A05105.txt: [-1.351248, -0.75215423, -0.7576173]
A08804.txt: [0, 0, 0]
A68672.txt: [0, 0, 0]
A19060.txt: [-1.4509372, -0.4133468, -2.2484462]
A08179.txt: [0, 0, 0]
A13217.txt: [0.71446323, -0.010715542, -0.50503755]
A10130.txt: [-1.3997089, -1.8514372, -1.7975285]
A17887.txt: [-1.3337027, -0.15962663, -1.7790145]
B15782.txt: [0, 0, 0]
A13820.txt: [-0.914515, -0.13301156, -1.0187949]
A13834.txt: [0.030387579, -0.16030113, -1.2084855]
A04390.txt: [-1.3128589, -1.3181616, -0.84480244]
A18961.txt: [0.18605612, -0.8179366, -1.2350802]
A02087.txt: [0.46729645, -0.8197638, 0.023882747]
A08541.txt: [-2.3150654, -1.3531487, -0.83758175]
A03416.txt: [0, 0, 0]
A11774.txt: [-1.9108739, -0.81810737, -1.5893544]
A14803.txt: [-0.50328827, -0.13767827, -1.1712648]
A13836.txt: [0, 0, 0]
A01017.txt: [-0.76951563, -0.07231335, -1.0741532]
A07466.txt: [-0.7194014, -0.09515538, -0.99299496]
A02522.txt: [0, 0, 0]
A08966.txt: [0, 0, 0]
A01956.txt: [-1.5266255, -0.36936373, -1.1056519]
A20807.txt: [0, 0, 0]
A11416.txt: [-0.8950868, 0.37813753, -1.4024215]
A05339.txt: [-1.4089891, -0.4978817, -1.3449498]
A20620.txt: [0, 0, 0]
A08812.txt: [-1.2223812, -0.83279854, -1.7900538]
A02495.txt: [-1.195109, -0.20385158, -1.4184705]
A19260.txt: [0, 0, 0]
A00725.txt: [0, 0, 0]
A04581.txt: [-1.2275307, 0.14218967, -1.9259404]
A14976.txt: [0, 0, 0]
A16807.txt: [0, 0, 0]
A06433.txt: [0, 0, 0]
A02655.txt: [0, 0, 0]
A04224.txt: [-1.5416812, -0.08480902, -1.7169579]
B07540.txt: [0, 0, 0]
A02325.txt: [0.2764951, -0.302113, -0.89250845]
A12136.txt: [0, 0, 0]
A06786.txt: [-1.3740162, -0.45919138, -1.6306733]
A16556.txt: [0, 0, 0]
A11205.txt: [-0.3424789, -0.49572605, -2.5322573]
A22354.txt: [0, 0, 0]
A04393.txt: [0, 0, 0]
A05099.txt: [-1.3516496, 0.15779753, -1.961792]
A22340.txt: [0, 0, 0]
A00888.txt: [0, 0, 0]
A09674.txt: [0, 0, 0]
A17310.txt: [-0.9112773, 0.1930834, -1.4432596]