A14614.txt: [0.95536363, -0.59534305, 0.47261846]
A13345.txt: [0.40136915, -0.43931654, -0.66003513]
A68683.txt: [1.0934936, -0.23887722, -0.46990672]
A18416.txt: [0, 0, 0]
B11307.txt: [0.65183014, -0.41006333, -0.36092767]
A71305.txt: [1.45048, -0.2911684, -0.54196924]
A68132.txt: [1.1073223, -0.5870825, -0.28687808]
A05320.txt: [0, 0, 0]
A08764.txt: [1.5560772, -0.13457894, -0.4109472]
A01581.txt: [0, 0, 0]
A68251.txt: [0, 0, 0]
A22364.txt: [0.2996455, -0.06307747, -0.5617731]
A04389.txt: [0, 0, 0]
A11223.txt: [1.487263, -0.9526861, -0.75797284]
A13434.txt: [0.8725314, -0.044399932, -0.9046174]
A08014.txt: [1.499988, -0.09862228, -0.82624525]
A00448.txt: [1.4480083, 0.528216, -1.1955962]
A03800.txt: [1.507117, 0.115235545, -0.7818356]
A18429.txt: [0.46795955, 0.14751774, -0.7174148]
A01622.txt: [0.68738467, -1.4482367, 1.1696911]
A20607.txt: [0, 0, 0]
A71306.txt: [0.045615405, -0.88373244, 0.023511741]
A15469.txt: [0.8449613, -0.12206, -0.57087106]
A12460.txt: [1.0437565, -0.13275538, -0.055592645]
A14005.txt: [0, 0, 0]
A69038.txt: [1.529958, 1.7508472, -0.77718025]
A73706.txt: [1.043631, -0.12707178, -0.62068206]
A22213.txt: [2.4330776, -0.16967237, -0.5132511]
A11154.txt: [1.8321567, 0.43587074, -0.93575245]
A12461.txt: [-0.066939056, -0.4367704, -0.59835345]
B00963.txt: [1.9299357, 0.34820977, -0.6344975]
A71307.txt: [1.8248392, 0.2556312, -0.56004184]
A72801.txt: [1.5445626, 0.30808428, -0.8025453]
A06789.txt: [1.353096, -0.34564534, -0.46982434]
A01743.txt: [0.96085334, -0.4114991, -0.36753687]
A15050.txt: [0.8324801, -0.030505525, -0.22752586]
A68246.txt: [1.0032358, -0.35160482, 0.18094808]
A21108.txt: [1.4489448, -0.39013627, -0.37692544]
A16968.txt: [1.528132, -0.5645501, -0.34237748]
A17337.txt: [1.2188185, -0.07429569, -0.5216864]
A03418.txt: [0, 0, 0]
A18028.txt: [1.4724336, -0.32293192, -0.11519058]
A22363.txt: [0.2996455, -0.06307747, -0.5617731]
B13489.txt: [1.2262024, 0.60101855, -0.36124194]
A01009.txt: [1.4301593, 0.12546575, -0.34260574]
A17119.txt: [1.4797311, -0.32134813, -0.3748982]
A15097.txt: [0.14734153, -0.8628016, -0.35469538]
A07524.txt: [1.6548805, -0.27525762, -0.123952314]
A04763.txt: [1.8469863, 0.13283406, -1.0514764]
A12698.txt: [0.3428243, 0.574339, -0.75272757]
A20158.txt: [0.90433335, -0.56666845, -0.6405608]
A15685.txt: [0.57041615, 0.021996737, -0.946897]
A12317.txt: [0.509652, 0.22413066, -0.18161513]
A12471.txt: [0.485224, -0.37059698, -0.3671554]
A22216.txt: [0.6984623, -0.5210183, -0.644772]
A01395.txt: [1.1453174, -0.46008965, -0.7182996]
A12470.txt: [0.9538844, 0.12929074, -0.40837273]
A12458.txt: [0.111772954, -0.22446555, -0.23176762]
A03233.txt: [0.53455305, -0.99250275, 0.11600083]
A04762.txt: [0.27062476, -0.1328028, -0.62378633]
A02475.txt: [1.0238857, -0.39431265, -0.11812114]
A08164.txt: [0.56269497, -0.08328755, -0.95080185]
A01975.txt: [0.28597012, -0.3854776, -0.48237133]
A07492.txt: [1.6401229, -0.3363928, -0.32818955]
A03192.txt: [-0.1349466, -0.1455061, -0.1749334]
A15069.txt: [1.1034214, -0.1378451, -0.22695199]
A14439.txt: [0.29634106, -0.1973676, -0.006419925]
A00699.txt: [0, 0, 0]
A02059.txt: [0.98001546, -0.0768052, -0.49318233]
A08172.txt: [1.108903, 0.0029807612, -0.47777018]
A18407.txt: [1.0933415, -0.50088155, -0.5150658]
B08135.txt: [0, 0, 0]
A12466.txt: [0.2958857, -0.09427259, -0.85828185]
A20364.txt: [0.53603905, -0.3465472, -0.50591475]
A12467.txt: [2.0677376, 0.1817819, -0.5266401]
A12473.txt: [0.48835722, -0.95617807, -0.73932916]
A13235.txt: [0.75001144, -0.08681579, -0.607247]
A03185.txt: [1.6649241, -0.38033736, -0.8424495]
A08761.txt: [0, 0, 0]
A02099.txt: [1.5109456, -0.6953069, -0.8093876]
A09626.txt: [0, 0, 0]
A13118.txt: [1.214566, -0.8223327, -0.76453567]
A15794.txt: [0.41481078, -0.20925121, -0.31073657]
A01454.txt: [0, 0, 0]
B14792.txt: [1.2617728, -0.14044948, -0.62342876]
A02606.txt: [1.1436552, -0.5114084, 0.5837766]
A13290.txt: [0.58942044, 0.11906152, -0.9117163]
A01694.txt: [0.95787793, -0.12781134, -0.46844694]
A12830.txt: [0.8984557, -1.168996, 0.5535652]
A14514.txt: [1.0197753, 0.15211686, -0.23326953]
A10821.txt: [0.9401048, 0.3133701, -0.33756748]
B14433.txt: [0.6250027, 0.03766048, -1.3844306]
A12777.txt: [1.5355017, 0.3494142, -0.4307647]
A09169.txt: [0.5032741, -0.16216645, -0.30149823]
A16711.txt: [1.01062, -0.03343642, -0.059178095]
A14660.txt: [1.8069696, 0.15635248, -0.68164885]
A02758.txt: [0.804677, 0.13557987, 0.019747717]
A11056.txt: [1.1259643, 0.15216292, 0.21592681]
A16275.txt: [1.6402023, 0.13506156, -0.8980666]
A16507.txt: [0.37730476, -0.94095767, 0.07550217]
A08063.txt: [1.3649105, -0.13236403, -0.75841534]
A06927.txt: [0.7943686, -0.1870669, -0.98304135]
A14516.txt: [0.597379, -0.3772305, -0.06364153]
A10228.txt: [0.30493215, 0.3889309, -0.91158986]
A01443.txt: [0.75222224, -1.1512831, 0.26014528]
A13053.txt: [0.65517694, -0.15115431, -0.8201529]
A11863.txt: [1.6533298, -1.0009444, 0.86327994]
A07967.txt: [1.776652, 1.0072006, -0.49218413]
A97346.txt: [1.4022022, -0.44104967, -0.21075939]
A01867.txt: [0.2078474, -0.9501229, -0.40448725]
A02361.txt: [1.1663324, 0.04885031, -0.352024]
A14517.txt: [0.6906629, -0.48555484, 0.10515425]
A20088.txt: [0.90098685, -0.80289036, 0.28747034]
A18259.txt: [1.0268067, 0.5183901, -0.84063107]
A14305.txt: [0.7964994, -1.1381861, -0.30972445]
B14801.txt: [1.597812, 0.17994371, -0.649738]
A18711.txt: [0.6784456, -0.62041163, -0.5543013]
A02775.txt: [2.1530652, 0.4480211, -0.8259919]
A22328.txt: [1.4663811, 0.010960213, -0.3253308]
A03494.txt: [0, 0, 0]
A01095.txt: [1.449713, 0.4799092, -0.4635839]
A20067.txt: [2.0329702, 0.30179784, -0.86870944]
A14513.txt: [-0.035797633, -0.5864958, -0.6127868]
A16489.txt: [0.97122353, -0.10790142, -0.55490726]
A13042.txt: [0.3849372, -0.12145687, -0.462137]
A01446.txt: [0, 0, 0]
B11821.txt: [0.70036244, -0.5630835, -0.33728144]
A09740.txt: [-0.042986084, -0.6855766, -0.41209415]
A17595.txt: [1.2239755, -0.51737005, 0.5629476]
A02826.txt: [1.8792655, 0.30897197, -0.36484388]
A19590.txt: [1.744712, -0.4421133, -0.08571007]
A13057.txt: [1.6228198, 0.42021036, -0.52796125]
A14512.txt: [1.2259296, -0.6553114, 0.18108532]
A20847.txt: [1.3289115, -0.32889897, 0.048419233]
A20072.txt: [2.0681179, 0.24230014, -0.7257797]
B16236.txt: [0.95391613, 0.21138678, -0.018461397]
A12956.txt: [0, 0, 0]
A10199.txt: [0, 0, 0]
A06704.txt: [0, 0, 0]
A15591.txt: [0.9221376, 0.12521636, -0.38603753]
B11942.txt: [1.171258, -1.409656, 0.9782448]
A09810.txt: [0.77322453, 0.36641, -0.49713764]
A16918.txt: [1.0212367, -0.21908452, -0.46310794]
A06128.txt: [0.7994649, -0.08215286, -0.23598307]
A14510.txt: [1.3909606, 0.12888356, -0.31882077]
A17958.txt: [1.4564283, -0.76483977, -0.2795357]
A14289.txt: [0, 0, 0]
A01444.txt: [0.75222224, -1.1512831, 0.26014528]
B11348.txt: [1.252616, 0.21424235, -0.3023186]
A14511.txt: [0.85021776, -0.52896833, -0.24756247]
A01108.txt: [1.8052313, 0.44786555, -0.50952333]
A15627.txt: [-0.24218988, -0.14570917, -0.47407824]
A15035.txt: [1.1313175, -0.11867756, -0.92742425]
A06288.txt: [3.6338313, 0.6821406, -0.194903]
A05781.txt: [1.3990772, 0.093216404, -0.833361]
A16702.txt: [0, 0, 0]
A01256.txt: [1.8227515, 0.3837586, -0.34770465]
A08257.txt: [1.7130045, -0.23991488, -0.09638685]
B13142.txt: [0.90966547, 0.10727238, -0.4357435]
A18939.txt: [0.11142184, -0.44632477, -0.45507762]
A15992.txt: [1.4575231, 0.3739249, -0.32818606]
A19602.txt: [1.1147367, -0.22133447, -0.43290904]
A04690.txt: [1.8852262, 0.4828266, -0.5173979]
A17808.txt: [0.7092252, -0.49755365, 0.08297468]
B11386.txt: [1.4460435, -0.27243236, -0.6652834]
A14520.txt: [1.0583738, 0.19995555, -0.52481407]
A00555.txt: [0.98705995, -0.1801604, -1.0323325]
A20849.txt: [1.4424859, 0.38032442, -0.416719]
A06118.txt: [1.3555555, 0.121109046, -0.6841224]
A06468.txt: [0.7165651, -0.5280909, -0.26043743]
A19548.txt: [0, 0, 0]
A68617.txt: [1.8563128, -0.58320653, -0.37054318]
A06694.txt: [1.8879484, 0.53349084, -0.73935974]
A02394.txt: [0.35790268, -1.0106813, 0.56916386]
A14521.txt: [1.2197189, -0.15845895, 0.032065257]
A04849.txt: [0.37764058, -0.22186081, -0.5191065]
A04691.txt: [1.9953047, 0.5203739, -0.72780025]
B01023.txt: [0, 0, 0]
A13306.txt: [1.8584514, -0.83886254, -0.26467678]
A02223.txt: [0.2653407, -0.13877435, -0.8275809]
A13110.txt: [1.9313325, 0.33377165, -0.5318894]
A08256.txt: [1.6220076, -0.18050882, -0.06909708]
A07165.txt: [0.76639533, -0.25333863, 0.026403647]
A03459.txt: [1.1251761, -0.39195436, 0.6811073]
A10357.txt: [0.898063, -0.13549185, -0.39198005]
A16718.txt: [1.7062986, -0.75757664, 0.4370691]
B08005.txt: [1.8891271, -0.6317303, -0.5470144]
A05599.txt: [0, 0, 0]
B14376.txt: [0.99011815, 0.42121735, -0.73849946]
A08122.txt: [1.8223696, 0.03976519, -0.4232876]
A16308.txt: [1.4402524, 0.3662989, -0.6739691]
A14292.txt: [0.8886902, -1.0956191, -0.7032069]
A81935.txt: [0.21460089, -0.40342012, -0.39962703]
A22287.txt: [2.1428123, 0.92262465, -0.19542705]
A16687.txt: [0.8522595, 0.30702388, -0.38542354]
A22250.txt: [1.6903839, 0.5384497, -0.71813715]
A69047.txt: [1.1569537, -0.39266822, -0.7885639]
A22537.txt: [1.2948153, -0.066802755, -0.6292929]
A16679.txt: [2.463176, 0.025142757, -1.7640375]
A02624.txt: [1.4904858, 0.06574217, -0.40609044]
A08123.txt: [1.8223696, 0.03976519, -0.4232876]
A01932.txt: [1.4572952, 0.24647139, -0.08246367]
A16269.txt: [1.1861614, -0.3943676, -1.1628982]
A13477.txt: [1.0682799, -0.11427938, -0.26515326]
A04645.txt: [1.9722351, -0.22939177, -0.6854024]
A07600.txt: [1.0502089, -0.61303145, 0.66637915]
A10354.txt: [2.0171132, 0.297059, -0.55188125]
A22447.txt: [0.93043983, -0.6533, -0.18525353]
A03648.txt: [0.46892187, -0.53746504, 0.032822307]
A16286.txt: [1.2661564, 0.7366636, -0.90372604]
A03066.txt: [0.7859117, -0.84671265, 0.0092483135]
A09205.txt: [1.294108, 0.6477615, -1.4833138]
A14526.txt: [1.3909606, 0.12888356, -0.31882077]
A13705.txt: [1.1771487, -0.6955616, -0.0814835]
A14095.txt: [0.66197246, -0.0045175157, -0.7539707]
A16682.txt: [0, 0, 0]
A20442.txt: [1.982237, -0.10538411, -0.47870368]
A20443.txt: [0.5278142, -0.8663016, 0.4375722]
B14004.txt: [0.46355414, -0.43071097, -0.5863258]
A10231.txt: [1.036364, -0.7783933, 0.15498509]
A16495.txt: [1.9107261, 0.34598756, -0.66777134]
A12778.txt: [0.91914886, 0.09102762, -0.49320108]
A08508.txt: [1.7305478, -0.23597392, -0.81761754]
A20509.txt: [1.4394587, -0.17714284, -0.6998154]
A07834.txt: [0, 0, 0]
A66951.txt: [0.89765185, -0.5564839, 0.08500234]
A07439.txt: [-0.29697144, -0.22414947, -0.51138043]
A14519.txt: [0.83553714, 0.16599247, -0.49853846]
A00593.txt: [0.28470963, -0.160042, -0.59726685]
A08440.txt: [1.5930231, -0.38427094, 0.074512675]
A09010.txt: [1.0736471, -0.019639421, -1.2206317]
A02623.txt: [0.9767639, -0.13939232, -0.49072626]
A16864.txt: [1.4559755, -0.7008245, -0.8772006]
B14007.txt: [0.53779066, 0.06662914, -1.2630507]
A10226.txt: [0.86806786, -0.2824203, -0.34794655]
A06134.txt: [1.0087165, -0.17979094, -1.2373648]
A14524.txt: [0.86254364, 0.2504529, -0.22411895]
A07216.txt: [0.43827927, -0.43460798, -0.04011389]
A14518.txt: [0.7867609, 0.13186827, -0.20183952]
A16247.txt: [2.4911265, 0.39177743, -0.4160098]
A08247.txt: [1.6947682, -0.7056166, -0.689204]
A13628.txt: [1.0881763, -0.40095508, -0.12606284]
A69184.txt: [1.7176623, -0.17324857, -0.18277384]
A03413.txt: [1.0545517, 0.00039574728, -0.63938767]
A01576.txt: [0, 0, 0]
A11229.txt: [0.8730237, -0.4242575, -0.64673066]
A02255.txt: [1.0676541, -0.5021036, -0.5244577]
A01006.txt: [1.4030824, -0.22852948, -0.48260227]
B07424.txt: [1.3050033, -0.26929894, -0.6909565]
A10725.txt: [0.7033545, 0.4035371, -1.5070391]
A10057.txt: [0.91418, -0.1096754, -0.56868356]
A07517.txt: [0, 0, 0]
A19729.txt: [1.547807, 0.08307194, -0.55073327]
A69225.txt: [0.73990124, 1.0697289, -1.1723301]
A02484.txt: [1.811982, 0.36875853, -0.61415356]
A15847.txt: [1.1584061, 0.3046507, -0.39114273]
A13417.txt: [1.9681191, -0.4520055, -0.14309175]
A15072.txt: [1.5919642, -1.008372, 0.004774996]
A06768.txt: [1.7600065, 0.29339185, -0.44725507]
A73861.txt: [1.4536054, -0.025951356, -0.99893326]
A19312.txt: [1.4871781, 0.03464775, -0.3025565]
A73849.txt: [1.3328265, 0.34445682, -0.13698241]
A22435.txt: [0.7623187, -0.42505163, -0.9015571]
A04633.txt: [1.54503, -0.23985665, -0.66955715]
A13415.txt: [1.9681191, -0.4520055, -0.14309175]
A09277.txt: [0, 0, 0]
A15845.txt: [1.3756654, 0.46645918, -0.55994344]
A12455.txt: [0.46853662, -0.04530365, -0.60284454]
A12469.txt: [0.7400859, -0.034419358, -0.60813576]
A14958.txt: [1.4483238, 0.1275406, -0.4673299]
A01428.txt: [0.6751398, 0.115421884, -0.35406855]
A15850.txt: [0, 0, 0]
A06192.txt: [1.5342839, -0.44600654, -0.5679731]
A07515.txt: [1.7326003, 0.79539376, -0.37582642]
A05289.txt: [0.65299606, 0.12865207, 0.07684209]
A03149.txt: [0.7167814, -1.1119083, 0.041393466]
A72217.txt: [1.0127052, -0.8919132, -0.00015733883]
A03411.txt: [0, 0, 0]
A09666.txt: [0, 0, 0]
A19313.txt: [0.24126701, 0.030634798, 0.2190265]
A14155.txt: [0.9972945, 0.089011155, -0.8684961]
A16795.txt: [0.1684752, 0.034952696, -0.5478678]
A04391.txt: [0, 0, 0]
A10131.txt: [0.7305685, -0.52636707, -0.19207881]
A23464.txt: [1.0974275, -1.0489206, 0.20108382]
A14974.txt: [0, 0, 0]
A11831.txt: [1.391354, 0.13062418, -0.27727032]
A03206.txt: [1.0013686, -1.0316697, -0.10362486]
A05105.txt: [1.0388898, -0.13106465, -1.1435765]
A19060.txt: [0.06029499, -1.5298342, 0.10941628]
A08179.txt: [2.7874079, 0.008933074, -0.37452933]
A13217.txt: [0.49305853, 0.005725994, -0.35618943]
A13834.txt: [0.8969268, 0.6370878, -0.3367096]
A08541.txt: [0.7091733, -0.5129236, -0.5221419]
A03416.txt: [1.5559007, 0.031178273, -0.024289958]
A14803.txt: [0.9147009, 0.48973387, -0.6495046]
A01017.txt: [1.7849019, 0.010510503, -0.46169466]
A02522.txt: [1.0487529, -0.13033491, -0.6527541]
A08966.txt: [0.9146456, -0.6149798, -0.3006485]
A20807.txt: [0.91350555, 0.04318393, -0.9334011]
A05339.txt: [1.5670786, 0.2157098, -0.9105902]
A19260.txt: [1.1623555, 0.27260193, -0.80722624]
A00725.txt: [1.3069798, -0.42614427, -0.5613086]
A04581.txt: [0.9532626, -0.032538854, -0.62509423]
A14976.txt: [0, 0, 0]
A02655.txt: [1.8930534, -0.64800197, -0.2644456]
B07540.txt: [1.1774887, -0.0859886, -0.6078556]
A02325.txt: [0.10708455, -1.2570819, -0.52616423]
A12136.txt: [0, 0, 0]
A06786.txt: [1.6615266, -0.22519173, -0.38867694]
A22354.txt: [1.5062742, -0.3061494, -0.33619225]
A04393.txt: [0, 0, 0]
A22340.txt: [0.67073107, -0.6325313, -0.52007806]
A00888.txt: [1.6491218, -0.12899868, -0.4494441]
A09674.txt: [0, 0, 0]
A17310.txt: [1.566345, 0.12910645, -1.1353855]
