A14614.txt: [0.22946317, -1.5147111, -1.7960155]
A10664.txt: [0.89266896, -1.0958338, -2.0109262]
A13345.txt: [0, 0, 0]
A20770.txt: [0.5392692, -1.5520725, -2.7752762]
A19683.txt: [0.7647341, -2.188024, -2.8114533]
A05282.txt: [0, 0, 0]
A00503.txt: [0, 0, 0]
A11368.txt: [0.3923534, -2.091606, -2.447488]
A12649.txt: [0.24470504, -1.6667352, -1.4094988]
A05335.txt: [1.0889436, -1.2626969, -2.2068522]
A68683.txt: [-0.20449941, -1.7024261, -1.291386]
A18416.txt: [0, 0, 0]
B11307.txt: [1.2400733, -1.0784472, -2.237142]
A71305.txt: [1.4986297, -1.1946895, -2.3060648]
A68132.txt: [0.2417503, -1.2704169, -1.5815123]
A09043.txt: [0.54494286, -0.9921851, -1.8753091]
A13755.txt: [0, 0, 0]
A15324.txt: [0, 0, 0]
A21056.txt: [0, 0, 0]
A11802.txt: [1.3195655, -1.3853372, -2.509368]
B00960.txt: [0, 0, 0]
A13542.txt: [0, 0, 0]
A05320.txt: [0, 0, 0]
A20188.txt: [0, 0, 0]
A08764.txt: [0, 0, 0]
A01581.txt: [0, 0, 0]
A68251.txt: [0, 0, 0]
A22364.txt: [0, 0, 0]
A05056.txt: [0, 0, 0]
A04389.txt: [1.1111042, -2.287626, -4.283394]
B13659.txt: [0, 0, 0]
A11223.txt: [0, 0, 0]
A13434.txt: [0, 0, 0]
A08014.txt: [0, 0, 0]
A00448.txt: [0, 0, 0]
A03800.txt: [0, 0, 0]
A18429.txt: [0, 0, 0]
A12138.txt: [0, 0, 0]
A01622.txt: [1.4191775, -1.2751336, -2.365289]
B14268.txt: [1.1172147, -1.3487889, -2.3562298]
A20607.txt: [0, 0, 0]
A71306.txt: [1.8709822, -1.1416879, -2.2456372]
A15469.txt: [0, 0, 0]
A12460.txt: [0.7791306, -1.6480175, -1.1630845]
A14005.txt: [0, 0, 0]
A11627.txt: [0.60819596, -1.6967045, -2.61742]
B00023.txt: [0, 0, 0]
A73707.txt: [0, 0, 0]
A69038.txt: [1.952128, -1.7398512, -3.1781917]
A73706.txt: [0, 0, 0]
A22213.txt: [0, 0, 0]
A11154.txt: [0, 0, 0]
A12475.txt: [0, 0, 0]
A12461.txt: [2.1123838, -1.3410823, -2.0532222]
B00963.txt: [1.9167902, -1.3048227, -1.595299]
A11395.txt: [-0.8234479, -1.6315241, -1.2288303]
A71307.txt: [1.6559415, -1.1374475, -2.1946824]
A72801.txt: [0.54711264, -1.0733894, -1.8601124]
A05280.txt: [0, 0, 0]
A15093.txt: [-0.72642756, -1.6756325, -1.3018013]
A06789.txt: [0.6044825, -1.7830695, -2.745668]
A14399.txt: [0.274464, -1.9027982, -2.523306]
A20766.txt: [0, 0, 0]
A01743.txt: [0, 0, 0]
A15050.txt: [0, 0, 0]
A11791.txt: [0, 0, 0]
A68246.txt: [2.0795162, -1.6656514, -2.0232453]
A21108.txt: [1.254952, -1.8569659, -1.8978822]
A20202.txt: [0, 0, 0]
A16968.txt: [0, 0, 0]
A17445.txt: [0, 0, 0]
A17337.txt: [0.789389, -1.565995, -2.2451324]
A09109.txt: [1.6834337, -1.7012017, -2.7742913]
A09135.txt: [0.18611427, -1.7070951, -2.8445766]
A03418.txt: [0, 0, 0]
A01551.txt: [0, 0, 0]
A02702.txt: [0, 0, 0]
A18028.txt: [1.6005822, -1.0097303, -2.3821445]
A72226.txt: [0, 0, 0]
A22363.txt: [0, 0, 0]
B13489.txt: [1.6469882, -1.5045993, -1.7369472]
A01009.txt: [-0.27122378, -1.598885, -2.2343245]
A17119.txt: [0.397469, -1.5183139, -1.9069781]
A16207.txt: [0, 0, 0]
A15097.txt: [0, 0, 0]
A04824.txt: [0, 0, 0]
A19691.txt: [0, 0, 0]
A63883.txt: [0, 0, 0]
A20831.txt: [0, 0, 0]
A07524.txt: [0, 0, 0]
A11408.txt: [0.64928186, -2.1080663, -1.2958834]
A00505.txt: [0.47045502, -1.7122113, -2.2822917]
A04763.txt: [1.0649459, -1.32042, -1.8936764]
A12698.txt: [0, 0, 0]
A20158.txt: [-0.17677613, -1.7212381, -2.5121787]
A15685.txt: [0, 0, 0]
B15167.txt: [0, 0, 0]
A19256.txt: [0, 0, 0]
A12317.txt: [-0.4232357, -1.3214072, -0.72152835]
A12471.txt: [0, 0, 0]
A69028.txt: [0.4908277, -1.0332825, -1.4147229]
A20414.txt: [0.85253656, -1.1272433, -1.748759]
A22216.txt: [0, 0, 0]
A68445.txt: [0.007156044, -1.0189774, -1.5268753]
A01395.txt: [1.3166237, -1.033958, -2.677892]
A12470.txt: [0, 0, 0]
A12458.txt: [0, 0, 0]
A03233.txt: [0, 0, 0]
A73267.txt: [0, 0, 0]
A04762.txt: [0, 0, 0]
A00504.txt: [0, 0, 0]
A02475.txt: [-0.3114644, -1.845566, -0.5913047]
A08164.txt: [0, 0, 0]
A01975.txt: [0.92657614, -1.7706047, -1.682702]
A07492.txt: [0, 0, 0]
A03192.txt: [0, 0, 0]
A15069.txt: [1.8518859, -1.5144376, -1.974197]
A14439.txt: [0, 0, 0]
A00699.txt: [0, 0, 0]
A02059.txt: [0, 0, 0]
A11769.txt: [0, 0, 0]
A12274.txt: [0, 0, 0]
A18981.txt: [0, 0, 0]
A89915.txt: [0.55299973, -1.4332817, -1.7513704]
A12738.txt: [1.1222196, -1.0526044, -2.0013583]
A04166.txt: [0.652698, -1.5825299, -2.0877888]
B07428.txt: [0, 0, 0]
B12019.txt: [-0.108832166, -1.265058, -2.0512617]
A08172.txt: [0, 0, 0]
A18407.txt: [0, 0, 0]
A15137.txt: [0, 0, 0]
A04774.txt: [0, 0, 0]
A73259.txt: [0, 0, 0]
B08135.txt: [-0.04954716, -1.7647483, -1.6408699]
A01426.txt: [0, 0, 0]
A12466.txt: [1.7975929, -1.817573, -1.610963]
A11806.txt: [0, 0, 0]
A20364.txt: [0, 0, 0]
A09906.txt: [0, 0, 0]
A14770.txt: [0, 0, 0]
A12467.txt: [0, 0, 0]
A12473.txt: [0, 0, 0]
A10502.txt: [0.20898387, -1.6451226, -0.8814787]
A13745.txt: [0, 0, 0]
A19903.txt: [0.38186607, -1.6419216, -1.6585739]
A03032.txt: [0, 0, 0]
A13235.txt: [0, 0, 0]
A03185.txt: [0.2539045, -1.9210408, -1.5685114]
A05279.txt: [0, 0, 0]
A08761.txt: [0, 0, 0]
B15207.txt: [0, 0, 0]
A02099.txt: [0, 0, 0]
A00665.txt: [0, 0, 0]
A16985.txt: [0.6723063, -1.3279345, -1.8536016]
A08538.txt: [0, 0, 0]
A17418.txt: [0, 0, 0]
A09626.txt: [0, 0, 0]
A13118.txt: [0.57709664, -1.2716122, -1.5098084]
A18071.txt: [-0.5090495, -1.7963969, -2.5586607]
A14688.txt: [0, 0, 0]
A01291.txt: [0, 0, 0]
A18501.txt: [0, 0, 0]
A15794.txt: [-0.25786072, -1.858506, -2.1662545]
A18475.txt: [0, 0, 0]
A73571.txt: [0, 0, 0]
A01454.txt: [0, 0, 0]
A01483.txt: [1.2007096, -2.4073336, -1.8134228]
A17587.txt: [0, 0, 0]
B14792.txt: [0.88167924, -1.3199211, -2.5070996]
A02606.txt: [0, 0, 0]
A68150.txt: [0, 0, 0]
A13290.txt: [0, 0, 0]
A01694.txt: [0.468357, -1.5584733, -1.1657177]
A12830.txt: [0, 0, 0]
A13535.txt: [0.7670744, -1.5574721, -2.5760243]
A14514.txt: [1.3168248, -0.7839784, -2.5456707]
A10821.txt: [0, 0, 0]
B14433.txt: [0, 0, 0]
A10809.txt: [-0.28908038, -1.4541228, -0.6672523]
A68795.txt: [0, 0, 0]
A16539.txt: [0.122856826, -1.3244939, -1.9400158]
A12777.txt: [0.1656659, -1.2773988, -2.1192765]
A09800.txt: [0, 0, 0]
A09169.txt: [1.1913893, -0.8195286, -2.5137658]
A19352.txt: [0, 0, 0]
A16711.txt: [0, 0, 0]
A14660.txt: [0, 0, 0]
A02758.txt: [0, 0, 0]
A11056.txt: [0, 0, 0]
A18933.txt: [0.45239705, -2.3626487, -3.003732]
A01292.txt: [0, 0, 0]
A16275.txt: [-0.5159805, -1.7527841, -1.7981828]
A16507.txt: [2.0333643, -1.2191143, -1.7031435]
A08063.txt: [0.06690018, -0.95316774, -2.1887767]
A20076.txt: [0.1420807, -1.855007, -0.6853586]
A19191.txt: [0, 0, 0]
A06927.txt: [0, 0, 0]
A14516.txt: [0, 0, 0]
A19768.txt: [0.51001686, -1.0348116, -1.8907523]
A68146.txt: [1.0933046, -1.4100677, -2.525226]
A07768.txt: [1.272915, -1.7206739, -2.5381842]
A10228.txt: [1.2246556, -1.2829133, -2.4407132]
A01443.txt: [0, 0, 0]
A13053.txt: [0, 0, 0]
A11863.txt: [-0.24275741, -1.574431, -1.5075027]
A07967.txt: [1.0016383, -2.0167665, -4.289059]
A21036.txt: [0, 0, 0]
A02823.txt: [0, 0, 0]
A07782.txt: [-0.004313368, -1.7023644, -1.0495739]
A02836.txt: [0, 0, 0]
A05817.txt: [-0.17443745, -1.2375643, -3.0289154]
A97352.txt: [0, 0, 0]
A97346.txt: [0.40872183, -1.3477267, -1.2629225]
A10215.txt: [0, 0, 0]
A01867.txt: [1.1205432, -1.0680338, -1.5810322]
A07225.txt: [0.832275, -1.5409422, -1.6709145]
A02361.txt: [0, 0, 0]
A12166.txt: [0, 0, 0]
A14517.txt: [0, 0, 0]
A04843.txt: [0.24555854, -1.3268757, -2.853349]
A06098.txt: [1.1737621, -1.5756047, -2.606905]
A09383.txt: [0, 0, 0]
A20088.txt: [0, 0, 0]
A18259.txt: [0, 0, 0]
A14305.txt: [-0.3760329, -1.9068968, -0.63982844]
A01287.txt: [0.44270393, -1.9493291, -2.8648767]
B14801.txt: [0.87560415, -1.0231491, -2.0771885]
A18711.txt: [0, 0, 0]
A02775.txt: [0.7626372, -1.9376566, -2.3064206]
A08258.txt: [0, 0, 0]
A22328.txt: [0, 0, 0]
A03494.txt: [0, 0, 0]
A17387.txt: [0, 0, 0]
B01207.txt: [0, 0, 0]
A19625.txt: [0, 0, 0]
A16264.txt: [0.35253528, -1.4147421, -1.5556052]
A01095.txt: [-0.38879126, -1.4605777, -2.080675]
A03696.txt: [0, 0, 0]
A20067.txt: [0, 0, 0]
A09387.txt: [0, 0, 0]
A16338.txt: [0.94925284, -1.3315954, -3.174227]
A14513.txt: [0, 0, 0]
A16489.txt: [0, 0, 0]
A13042.txt: [1.0167792, -0.8813305, -1.9933983]
A00980.txt: [0.6446594, -1.2829282, -2.7607749]
A01446.txt: [0, 0, 0]
B11821.txt: [0, 0, 0]
A09740.txt: [0, 0, 0]
A17595.txt: [1.9613916, -1.2888012, -2.5224419]
A02826.txt: [2.3658452, -1.1685097, -3.3716152]
A19590.txt: [0.27332953, -0.71908706, -1.861908]
A14923.txt: [0, 0, 0]
A09741.txt: [0.54675716, -1.3884822, -1.9955003]
A13057.txt: [2.1369147, -1.1937379, -2.0262482]
A08311.txt: [0, 0, 0]
A03250.txt: [0.75373393, -1.3404596, -1.109838]
A07988.txt: [0.0020229614, -1.7159128, -1.2830644]
A15803.txt: [0, 0, 0]
B07515.txt: [0, 0, 0]
A14512.txt: [0, 0, 0]
A20847.txt: [0.40199274, -1.3507609, -1.253181]
A13533.txt: [0, 0, 0]
A20072.txt: [0, 0, 0]
B16236.txt: [0, 0, 0]
A12956.txt: [0, 0, 0]
A10199.txt: [0.0875726, -1.2985928, -2.7467659]
A06704.txt: [0.66761786, -1.9830207, -3.3490238]
A13447.txt: [0, 0, 0]
A07432.txt: [0, 0, 0]
A15591.txt: [0, 0, 0]
A16701.txt: [0.6670583, -1.2593513, -3.3863688]
B11942.txt: [1.6886125, -0.5460551, -2.3834865]
A12203.txt: [0, 0, 0]
A14114.txt: [0.14834876, -1.770645, -1.6473452]
A17384.txt: [0.7950474, -2.033162, -2.7769842]
A18909.txt: [0.49255714, -1.67247, -2.8526273]
A03497.txt: [1.2522342, -2.3429995, -3.4095886]
A09810.txt: [2.3926723, -1.7014421, -1.8466284]
A72252.txt: [0.02830119, -1.5846786, -1.9068959]
A16918.txt: [-0.5226793, -1.0859518, -0.5881115]
A67893.txt: [0, 0, 0]
A17810.txt: [1.3840464, -1.4547873, -1.2749499]
A06128.txt: [0, 0, 0]
A14510.txt: [0, 0, 0]
A17019.txt: [0, 0, 0]
A10010.txt: [0, 0, 0]
A17958.txt: [0.41930267, -1.615734, -0.8397946]
A14289.txt: [0, 0, 0]
A09757.txt: [0, 0, 0]
A14909.txt: [0, 0, 0]
A16851.txt: [-0.1295677, -1.9070896, -1.8794092]
A01444.txt: [0, 0, 0]
A13732.txt: [0, 0, 0]
B11348.txt: [0, 0, 0]
A17018.txt: [0.3372658, -2.015785, -1.0787086]
A14511.txt: [0, 0, 0]
A01108.txt: [0, 0, 0]
A15627.txt: [0, 0, 0]
A04845.txt: [0.5492475, -2.3220212, -2.9279354]
A15035.txt: [0, 0, 0]
A19394.txt: [0, 0, 0]
A06288.txt: [0, 0, 0]
A17385.txt: [0, 0, 0]
A05781.txt: [0, 0, 0]
A16702.txt: [0.32581884, -1.7808782, -1.9393826]
A01256.txt: [0.72832197, -1.9081637, -2.3401065]
A06534.txt: [0.19058634, -1.4849112, -2.630911]
A11074.txt: [0, 0, 0]
A08257.txt: [-0.2819145, -1.8693976, -1.3646767]
B13142.txt: [0, 0, 0]
A18939.txt: [0, 0, 0]
A15992.txt: [0.49777508, -1.2152066, -1.3115964]
A09411.txt: [0.78818595, -1.7773741, -3.3923414]
A19602.txt: [0.2919541, -0.34786478, -1.3814856]
A11510.txt: [0, 0, 0]
A04690.txt: [0, 0, 0]
A17808.txt: [-0.26614454, -1.3094864, -1.2458771]
B11386.txt: [0.46561658, -1.2290326, -2.023949]
A14520.txt: [0, 0, 0]
A00555.txt: [-0.35139316, -1.2537616, -1.0443088]
A10746.txt: [0, 0, 0]
A13529.txt: [0, 0, 0]
A20849.txt: [0.50801826, -1.3698304, -1.6543077]
A06118.txt: [-0.36876047, -0.9440214, -1.7058165]
A17001.txt: [0, 0, 0]
A08690.txt: [1.3328589, -2.1017733, -0.716832]
A06468.txt: [-0.20417869, -1.4079454, -0.9424836]
A19548.txt: [0, 0, 0]
A11115.txt: [0.06593743, -1.1633223, -2.2595737]
A68617.txt: [1.7819468, -1.08946, -2.4860346]
A06694.txt: [0, 0, 0]
A02394.txt: [0, 0, 0]
A17000.txt: [0, 0, 0]
A08134.txt: [0, 0, 0]
A19987.txt: [0, 0, 0]
A14521.txt: [1.9350123, -1.5226076, -1.9357626]
A19763.txt: [0, 0, 0]
A19824.txt: [1.5150845, -1.3593683, -2.2111557]
A04849.txt: [0, 0, 0]
A04691.txt: [0.1844431, -1.5214992, -1.4709631]
B01023.txt: [0, 0, 0]
A07367.txt: [0, 0, 0]
A05570.txt: [0, 0, 0]
A13306.txt: [0, 0, 0]
A11511.txt: [0, 0, 0]
A02223.txt: [0, 0, 0]
A09376.txt: [-0.12674506, -0.7638919, -1.4501332]
A06737.txt: [0, 0, 0]
A17389.txt: [0.7444314, -1.5804443, -1.8610979]
A13110.txt: [0, 0, 0]
A08256.txt: [-0.2819145, -1.8693976, -1.3646767]
A07165.txt: [2.435501, -1.876686, -3.1264994]
A08242.txt: [1.2817411, -1.9076772, -3.0450132]
A03459.txt: [0, 0, 0]
A10357.txt: [0.5162678, -0.72981006, -3.2140522]
A16718.txt: [-0.03597429, -1.8777926, -2.6377664]
A07826.txt: [0.8152209, -1.0739682, -2.4705505]
B01237.txt: [0, 0, 0]
B14174.txt: [1.1252365, -1.8097968, -2.5208478]
A14872.txt: [0, 0, 0]
A15991.txt: [-0.214116, -1.271992, -1.7433587]
B08005.txt: [0, 0, 0]
A05599.txt: [0, 0, 0]
B14376.txt: [0, 0, 0]
A08122.txt: [2.3704295, -1.2255292, -2.124173]
A16308.txt: [0.3310409, -1.6592857, -1.8890711]
A16485.txt: [-0.15591362, -0.75464135, -1.8002468]
A14292.txt: [1.3405259, -1.3327074, -2.079289]
A81935.txt: [0, 0, 0]
A68615.txt: [0, 0, 0]
A12807.txt: [0, 0, 0]
A01338.txt: [0, 0, 0]
A22287.txt: [0, 0, 0]
A16687.txt: [0, 0, 0]
A22250.txt: [0, 0, 0]
A69047.txt: [0, 0, 0]
A22537.txt: [0, 0, 0]
A16679.txt: [0, 0, 0]
A11116.txt: [0, 0, 0]
A02624.txt: [0, 0, 0]
A06456.txt: [0, 0, 0]
A16490.txt: [0.46033, -1.2566464, -1.0026932]
A00580.txt: [1.2118245, -0.95418894, -2.8683798]
A12609.txt: [0, 0, 0]
A08123.txt: [2.3611088, -1.238448, -2.1404734]
A22641.txt: [1.4328005, -1.6303265, -1.8797096]
A16282.txt: [0.013779522, -1.9768561, -1.6621282]
A01932.txt: [0, 0, 0]
A19628.txt: [0.8530102, -1.5557212, -3.5402417]
A18250.txt: [0, 0, 0]
A16269.txt: [-0.23847814, -0.7311766, -2.0001688]
A13477.txt: [0, 0, 0]
A04645.txt: [0, 0, 0]
A20081.txt: [0, 0, 0]
A07600.txt: [0, 0, 0]
A10354.txt: [0, 0, 0]
A11072.txt: [0, 0, 0]
A16053.txt: [0.465782, -1.2210635, -2.606804]
A15599.txt: [-0.24961205, -0.19685234, -1.8565676]
A22447.txt: [0, 0, 0]
A08047.txt: [0, 0, 0]
A11516.txt: [0, 0, 0]
A16523.txt: [0.2426501, -0.80458474, -3.705142]
A03648.txt: [0, 0, 0]
A17832.txt: [0, 0, 0]
A16286.txt: [0, 0, 0]
A03066.txt: [0, 0, 0]
A05417.txt: [0, 0, 0]
A14254.txt: [0, 0, 0]
A09205.txt: [0, 0, 0]
A14526.txt: [0, 0, 0]
A12180.txt: [0, 0, 0]
A13705.txt: [0, 0, 0]
A07770.txt: [0, 0, 0]
A14095.txt: [0, 0, 0]
A16682.txt: [0.0099844, -1.6445402, -2.1716292]
A20442.txt: [1.6760355, -1.3356972, -2.569944]
A20443.txt: [0, 0, 0]
B14004.txt: [1.1307544, -0.8076289, -2.4299479]
A00977.txt: [0, 0, 0]
A14916.txt: [-0.058837153, -1.4456074, -1.2721856]
A11649.txt: [0, 0, 0]
A10231.txt: [1.4108129, -1.0828948, -2.4204772]
A09990.txt: [0, 0, 0]
A16495.txt: [1.8908248, -1.2950219, -1.567685]
B12105.txt: [0, 0, 0]
A05370.txt: [1.2959588, -1.8682163, -3.4799562]
A18335.txt: [0.061892413, -1.8186619, -2.6357658]
A19822.txt: [1.7374982, -1.9207097, -2.1677577]
A02225.txt: [0, 0, 0]
A12778.txt: [0.5525144, -1.048143, -1.1690098]
A09833.txt: [0.07841031, -2.00244, -2.5101361]
A03477.txt: [0, 0, 0]
A07605.txt: [0, 0, 0]
A08536.txt: [0.92182076, -1.3576012, -1.6322472]
A14653.txt: [0, 0, 0]
A02031.txt: [0, 0, 0]
A08508.txt: [0, 0, 0]
A20509.txt: [0, 0, 0]
A07834.txt: [1.8372484, -1.1244271, -2.1284635]
A07363.txt: [0.43459052, -0.927708, -2.024917]
A66951.txt: [0, 0, 0]
A07439.txt: [0, 0, 0]
A21429.txt: [0, 0, 0]
A14519.txt: [2.3755293, -1.0606077, -1.6673487]
A03065.txt: [1.60649, -1.4439261, -2.3117042]
A72844.txt: [0, 0, 0]
A12140.txt: [0, 0, 0]
A00593.txt: [0, 0, 0]
A15363.txt: [0, 0, 0]
A08440.txt: [0, 0, 0]
A09010.txt: [0.15575188, -1.8753201, -2.05756]
A02623.txt: [0, 0, 0]
A18109.txt: [0, 0, 0]
A16864.txt: [0.25979307, -1.628715, -1.5046275]
B14007.txt: [0, 0, 0]
A10226.txt: [1.4977651, -2.170999, -2.4645908]
A09039.txt: [0, 0, 0]
A08327.txt: [0.8518349, -1.3652948, -2.4942787]
A13075.txt: [0.83421314, -1.9343054, -1.9323599]
A02178.txt: [0, 0, 0]
A16482.txt: [0, 0, 0]
A06134.txt: [0.12640214, -1.5840472, -2.0164738]
A22928.txt: [0, 0, 0]
A10024.txt: [0, 0, 0]
A14524.txt: [0, 0, 0]
A07216.txt: [0, 0, 0]
A06108.txt: [0.08405868, -1.6473848, -1.7200955]
A16469.txt: [0, 0, 0]
A14518.txt: [0.35306647, -1.5652807, -1.6021715]
A01049.txt: [0, 0, 0]
A03886.txt: [-0.06291604, -1.4613844, -1.6039443]
A16247.txt: [0, 0, 0]
A05575.txt: [0.07448769, -1.6957415, -1.2141272]
A00419.txt: [0.49825916, -1.7224964, -1.9404873]
A08247.txt: [0, 0, 0]
A13628.txt: [0, 0, 0]
A69184.txt: [0, 0, 0]
A03413.txt: [0.5385403, -1.8340477, -1.0936927]
A13172.txt: [0.0047685737, -1.2175313, -1.6330296]
A01576.txt: [0, 0, 0]
A13833.txt: [-0.40664548, -1.7763535, -1.3986592]
A11229.txt: [1.2473596, -2.0541544, -1.9217906]
A02255.txt: [0, 0, 0]
A01006.txt: [-0.021394078, -2.027664, -2.1783013]
B07424.txt: [0, 0, 0]
A10725.txt: [0.49298424, -1.3867441, -0.8439182]
A10057.txt: [0, 0, 0]
A07517.txt: [0, 0, 0]
A19729.txt: [1.4272612, -1.3228508, -2.9266639]
A69225.txt: [0, 0, 0]
A02484.txt: [1.4422522, -1.8330396, -2.564736]
A20619.txt: [0, 0, 0]
A16156.txt: [0, 0, 0]
A01364.txt: [0.4240989, -1.251008, -1.9515232]
A20624.txt: [0, 0, 0]
A15847.txt: [0, 0, 0]
A09513.txt: [0, 0, 0]
A13417.txt: [0, 0, 0]
A15072.txt: [2.3457384, -1.5459725, -1.2138075]
A06768.txt: [0, 0, 0]
A04619.txt: [0, 0, 0]
A01991.txt: [0, 0, 0]
A03406.txt: [0.7013811, -2.559322, -2.0421174]
A11994.txt: [0.0752711, -0.70384955, -1.6782819]
A12523.txt: [0, 0, 0]
A73861.txt: [1.0398005, -1.4097296, -1.5093719]
A02732.txt: [0, 0, 0]
A13159.txt: [-0.32663777, -1.294344, -2.2137644]
A19312.txt: [0, 0, 0]
A08545.txt: [-0.10950712, -1.317114, -2.107333]
A73849.txt: [0, 0, 0]
A22435.txt: [0, 0, 0]
A13830.txt: [1.244825, -1.7871747, -3.340371]
A04633.txt: [0, 0, 0]
A13415.txt: [0.64803034, -1.3075868, -1.1961869]
A14408.txt: [0, 0, 0]
A20829.txt: [0.11695031, -2.207813, -1.05335]
A19070.txt: [0, 0, 0]
A09277.txt: [0, 0, 0]
A05303.txt: [0, 0, 0]
A11404.txt: [-0.009858107, -1.6148142, -0.9564687]
A19058.txt: [0, 0, 0]
B08106.txt: [0.32928064, -1.3848071, -1.5009989]
A15845.txt: [0, 0, 0]
B12610.txt: [0, 0, 0]
A12455.txt: [0, 0, 0]
A11612.txt: [0, 0, 0]
A12469.txt: [0, 0, 0]
A68475.txt: [0.392167, -1.1141438, -3.0136523]
A14958.txt: [0, 0, 0]
A16183.txt: [0.86933386, -1.6168993, -2.0875328]
A01428.txt: [0, 0, 0]
A15850.txt: [0, 0, 0]
A06192.txt: [0, 0, 0]
A07267.txt: [0, 0, 0]
A18421.txt: [1.126983, -1.4842027, -1.6320115]
A07515.txt: [0.2148703, -1.5800736, -1.1794066]
A15139.txt: [0, 0, 0]
A05458.txt: [0, 0, 0]
A72029.txt: [0, 0, 0]
A05289.txt: [0, 0, 0]
A03149.txt: [1.589738, -1.0661567, -2.402491]
A72217.txt: [0, 0, 0]
A11954.txt: [-0.2034501, -1.2732462, -1.4648359]
A69145.txt: [0.04812632, -1.1871693, -1.4364772]
A03411.txt: [0, 0, 0]
A13170.txt: [-0.17259505, -1.6992041, -0.81541103]
A08550.txt: [-0.057177734, -1.0539136, -1.8320932]
A09666.txt: [0, 0, 0]
A08578.txt: [0, 0, 0]
A19313.txt: [2.1084344, -1.2667412, -2.1966357]
A03415.txt: [0, 0, 0]
A14155.txt: [-0.501702, -0.041623358, -1.5808176]
A02904.txt: [0, 0, 0]
A16795.txt: [-0.17847247, -0.5756885, -1.1392268]
A04391.txt: [0, 0, 0]
A13821.txt: [0.93086755, -1.4474957, -3.573971]
A16959.txt: [0, 0, 0]
A10131.txt: [0, 0, 0]
A68061.txt: [0, 0, 0]
A04187.txt: [0.5869252, -0.317379, -3.5921896]
A01160.txt: [0, 0, 0]
A20804.txt: [0, 0, 0]
A23464.txt: [0.6118281, -1.4385661, -0.30514967]
A17500.txt: [0, 0, 0]
A12478.txt: [0, 0, 0]
A03207.txt: [0.4095436, -1.7502218, -2.072899]
A16622.txt: [0, 0, 0]
A21071.txt: [0, 0, 0]
A14974.txt: [0, 0, 0]
A07935.txt: [0, 0, 0]
A11831.txt: [0, 0, 0]
A16804.txt: [0, 0, 0]
A16151.txt: [-0.40157092, -1.6850941, -2.3581767]
A03206.txt: [0.19658944, -1.6215789, -2.8069093]
A04569.txt: [0, 0, 0]
A05105.txt: [0.8033275, -2.2888944, -2.5921338]
A08804.txt: [0, 0, 0]
A68672.txt: [0, 0, 0]
A19060.txt: [0.32196522, -1.7355666, -2.7780666]
A08179.txt: [0, 0, 0]
A13217.txt: [0, 0, 0]
A10130.txt: [0, 0, 0]
A17887.txt: [-0.7485294, -1.1512341, -2.496095]
B15782.txt: [0, 0, 0]
A13820.txt: [0.5422293, -0.9546327, -1.3295243]
A13834.txt: [0.32334748, -1.8078586, -1.3296599]
A04390.txt: [0, 0, 0]
A18961.txt: [0, 0, 0]
A02087.txt: [0, 0, 0]
A08541.txt: [-0.5615037, -1.2059078, -2.413776]
A03416.txt: [0, 0, 0]
A11774.txt: [0.4010165, -1.2343773, -2.2570121]
A14803.txt: [2.0662682, -1.436766, -2.348995]
A13836.txt: [0, 0, 0]
A01017.txt: [0.6998857, -1.2490553, -2.704578]
A07466.txt: [0.62063664, -1.2948078, -3.102584]
A02522.txt: [0, 0, 0]
A08966.txt: [0, 0, 0]
A01956.txt: [0.34502396, -1.5036225, -3.2930086]
A20807.txt: [0, 0, 0]
A11416.txt: [-0.047321815, -1.9577414, -0.85014534]
A05339.txt: [0.96185935, -0.8812908, -1.5257121]
A20620.txt: [0, 0, 0]
A08812.txt: [0, 0, 0]
A02495.txt: [1.0541283, -1.1606426, -2.3873303]
A19260.txt: [0, 0, 0]
A00725.txt: [0, 0, 0]
A04581.txt: [1.8297004, -0.8794949, -2.9119358]
A14976.txt: [0, 0, 0]
A16807.txt: [0, 0, 0]
A06433.txt: [0, 0, 0]
A02655.txt: [0, 0, 0]
A04224.txt: [1.214824, -1.4529808, -1.801285]
B07540.txt: [0, 0, 0]
A02325.txt: [0, 0, 0]
A12136.txt: [0, 0, 0]
A06786.txt: [0.7453014, -1.616073, -2.2334995]
A16556.txt: [0, 0, 0]
A11205.txt: [0, 0, 0]
A22354.txt: [0, 0, 0]
A04393.txt: [0, 0, 0]
A05099.txt: [-0.4409462, -1.0517539, -1.244272]
A22340.txt: [0, 0, 0]
A00888.txt: [0, 0, 0]
A09674.txt: [0, 0, 0]
A17310.txt: [0.6340415, -1.6865414, -1.8554504]
