A14614.txt: [-0.6871709, -2.2570858, 0.38823843]
A10664.txt: [0, 0, 0]
A13345.txt: [0, 0, 0]
A20770.txt: [-0.67165303, -2.0742733, -1.3810276]
A19683.txt: [0.022703096, -2.4154305, -1.1029905]
A11368.txt: [-0.985216, -2.189925, -1.4113495]
A12649.txt: [-0.021256926, -1.8694794, -0.25331694]
A68683.txt: [-1.070256, -2.3776586, -0.13952522]
A18416.txt: [0, 0, 0]
B11307.txt: [0.6755226, -1.831942, -1.5589473]
A71305.txt: [0.65028805, -2.8822286, -1.6385512]
A68132.txt: [-0.52299964, -1.4541541, -0.10970497]
A09043.txt: [-0.08913104, -1.4283156, -1.5283934]
A13755.txt: [0, 0, 0]
A15324.txt: [0, 0, 0]
A21056.txt: [0, 0, 0]
A11802.txt: [-0.22567582, -1.9274424, -1.5127931]
B00960.txt: [0, 0, 0]
A13542.txt: [0, 0, 0]
A20188.txt: [0, 0, 0]
A08764.txt: [0, 0, 0]
A68251.txt: [0, 0, 0]
A22364.txt: [0, 0, 0]
B13659.txt: [0, 0, 0]
A11223.txt: [0, 0, 0]
A13434.txt: [0, 0, 0]
A08014.txt: [0, 0, 0]
A18429.txt: [0, 0, 0]
A12138.txt: [0, 0, 0]
B14268.txt: [0.26712757, -2.6024802, -1.5203189]
A20607.txt: [0, 0, 0]
A12689.txt: [-0.24208708, -2.150302, -1.1684567]
A15469.txt: [0, 0, 0]
A12460.txt: [-0.060984116, -1.9335734, -0.594933]
A14005.txt: [0, 0, 0]
A11627.txt: [-1.4463043, -2.2604246, 0.18468419]
A73707.txt: [0, 0, 0]
A69038.txt: [0.92773527, -2.0422304, -1.237318]
A73706.txt: [0, 0, 0]
A22213.txt: [0, 0, 0]
A11154.txt: [0, 0, 0]
A12475.txt: [0, 0, 0]
A12461.txt: [1.4662881, -2.3139977, -1.8543434]
B00963.txt: [0.52272993, -1.862147, -1.4520935]
A11395.txt: [1.1201372, -1.0212557, -1.6224368]
A72801.txt: [-0.29697806, -2.3429341, -0.01770216]
A15093.txt: [-1.0940024, -1.3304695, 0.23392534]
A14399.txt: [-0.20854944, -2.9475102, -1.4739184]
A20766.txt: [0, 0, 0]
A15050.txt: [0, 0, 0]
A11791.txt: [0, 0, 0]
A00688.txt: [0, 0, 0]
A68246.txt: [0.483095, -2.5012646, -0.9875955]
A21108.txt: [0.58344394, -2.0987582, -1.0518267]
A20202.txt: [0, 0, 0]
A16968.txt: [0, 0, 0]
A22439.txt: [0, 0, 0]
A22363.txt: [0, 0, 0]
B13489.txt: [-0.78473306, -1.7895432, 0.47237346]
A16207.txt: [0, 0, 0]
A19691.txt: [0, 0, 0]
A07524.txt: [0, 0, 0]
A11408.txt: [-0.5682162, -2.293782, 0.60277003]
A20158.txt: [-0.22756878, -2.1020813, -2.3536427]
A15685.txt: [1.9712455, -2.4650054, -1.127144]
B15167.txt: [0, 0, 0]
A12317.txt: [-0.26927662, -2.1833954, -0.6142177]
A12471.txt: [-0.75758976, -1.9003632, -0.8459287]
A22216.txt: [0, 0, 0]
A68445.txt: [-1.3300003, -1.8384815, -0.6976606]
A12470.txt: [0, 0, 0]
A12458.txt: [0.7398595, -2.5107553, -1.5950294]
A73267.txt: [0, 0, 0]
A04762.txt: [0, 0, 0]
A08164.txt: [0, 0, 0]
A15069.txt: [0.5434024, -2.7835681, -1.0229783]
A02059.txt: [0, 0, 0]
B00838.txt: [0, 0, 0]
A08210.txt: [0, 0, 0]
A18981.txt: [0, 0, 0]
A89915.txt: [0.1161008, -2.1396658, -2.619236]
A12738.txt: [-0.4579501, -1.9452865, 0.5025579]
A08172.txt: [0, 0, 0]
A73259.txt: [0, 0, 0]
B08135.txt: [-0.8580821, -1.9847761, -0.51286536]
A12466.txt: [-0.57783276, -2.839857, 0.17651445]
A11806.txt: [1.2425805, -1.0017174, -1.6100383]
A12467.txt: [0, 0, 0]
A10502.txt: [-0.21205042, -2.273276, -0.4386404]
A13235.txt: [0, 0, 0]
B15207.txt: [0, 0, 0]
A16985.txt: [0.4204191, -1.6684339, -1.6638232]
A17418.txt: [0.80584013, -2.380738, -1.8003663]
A13118.txt: [-0.8776831, -1.9909215, -0.2960494]
A18071.txt: [-1.2549084, -2.066853, -1.1882331]
A14688.txt: [0, 0, 0]
A18501.txt: [0.40581763, -2.544139, -1.9053156]
A15794.txt: [-0.58342654, -2.4871056, -1.0716459]
A18475.txt: [0, 0, 0]
A73571.txt: [0, 0, 0]
A02606.txt: [0, 0, 0]
A68150.txt: [0, 0, 0]
A13290.txt: [0, 0, 0]
A12830.txt: [0, 0, 0]
A13535.txt: [-0.32238463, -2.031333, -1.2176083]
A14514.txt: [0.12902233, -2.5210352, -1.7001694]
B14433.txt: [0, 0, 0]
A09169.txt: [0.040264044, -2.2590067, -1.2952373]
A16711.txt: [0, 0, 0]
A14660.txt: [0, 0, 0]
A11056.txt: [0, 0, 0]
A16275.txt: [-0.8443175, -2.0192232, -0.16060458]
A16507.txt: [0.91434395, -1.81435, -1.1278714]
A14516.txt: [0, 0, 0]
A12615.txt: [0, 0, 0]
A07768.txt: [0.5092988, -2.309316, -2.0105124]
A10228.txt: [-0.22100724, -2.545368, -0.76552504]
A07967.txt: [-0.3564198, -2.5334127, -2.7181146]
A21036.txt: [0, 0, 0]
A07782.txt: [-0.5817825, -1.6463921, 0.2464621]
A97346.txt: [-0.39577064, -2.2543795, -0.8115697]
A14517.txt: [0, 0, 0]
A18259.txt: [0, 0, 0]
B14801.txt: [-0.5432565, -2.2622385, -0.7609418]
A08258.txt: [0, 0, 0]
A22328.txt: [0, 0, 0]
A17387.txt: [0, 0, 0]
A20067.txt: [0, 0, 0]
A14513.txt: [0, 0, 0]
A13042.txt: [-0.65331995, -1.5868615, -0.32843223]
A00980.txt: [1.4199101, -1.649249, -2.0871997]
B11821.txt: [0, 0, 0]
A02826.txt: [1.6966214, -1.3509164, -2.0663502]
A19590.txt: [-0.8523385, -1.9929931, -0.18420833]
A13057.txt: [-0.21619731, -1.8898071, -0.30938652]
A15803.txt: [0, 0, 0]
A14512.txt: [0, 0, 0]
A20847.txt: [-1.2294465, -1.4674772, -0.7739927]
A20072.txt: [0, 0, 0]
B16236.txt: [0, 0, 0]
A12956.txt: [0, 0, 0]
A15591.txt: [0, 0, 0]
A17384.txt: [-0.6128406, -2.1603773, -1.7096834]
A09810.txt: [-0.12963367, -2.0267568, -0.14655037]
A67893.txt: [0, 0, 0]
A14510.txt: [0, 0, 0]
A17019.txt: [0, 0, 0]
A16851.txt: [-1.0011146, -2.4339795, 0.22688115]
A13732.txt: [0, 0, 0]
B11348.txt: [0, 0, 0]
A14511.txt: [0, 0, 0]
A17385.txt: [-0.38680956, -2.4375017, -0.86521065]
A11074.txt: [0, 0, 0]
A08257.txt: [-0.98353636, -1.2146676, 0.012752156]
A07831.txt: [1.9089606, -2.2466636, -1.3783946]
A15992.txt: [-0.47414768, -2.399693, -1.3304977]
A04690.txt: [0, 0, 0]
A14520.txt: [0, 0, 0]
A20849.txt: [0.233825, -2.2449772, -0.42015612]
A17001.txt: [0.26796743, -2.1144674, -1.9036368]
A19548.txt: [0, 0, 0]
A06694.txt: [0, 0, 0]
A14521.txt: [-0.13953309, -2.162245, -0.8943242]
A19763.txt: [0, 0, 0]
A19824.txt: [1.5331329, -2.12857, -1.3261002]
A04691.txt: [-0.23593514, -2.1179726, -0.4459304]
B01023.txt: [0, 0, 0]
A13306.txt: [0, 0, 0]
A11511.txt: [0, 0, 0]
A09376.txt: [-0.53431964, -1.1702002, 0.030910496]
A17389.txt: [-0.05946113, -2.1844165, -2.5635629]
A13110.txt: [0, 0, 0]
A08256.txt: [-1.3083143, -1.8948805, 0.61022335]
A08242.txt: [0.33930317, -2.4286258, -2.3703623]
A10357.txt: [1.1214216, -1.361158, -0.30862275]
A16718.txt: [0.28289855, -2.3723273, -1.3127518]
B14174.txt: [0.6305322, -2.3037794, -1.5202056]
A14872.txt: [0, 0, 0]
A08122.txt: [2.5070322, -2.227637, -0.7393622]
A16308.txt: [-0.057243854, -1.9741029, -1.3105356]
A22287.txt: [0, 0, 0]
A22250.txt: [0, 0, 0]
A69047.txt: [1.1961039, -1.518235, -1.3909209]
A22536.txt: [2.1843781, -2.8886878, -1.5009714]
A22537.txt: [0, 0, 0]
A16679.txt: [0, 0, 0]
A16490.txt: [-0.78209454, -1.7247143, 0.20495026]
A08123.txt: [2.5070322, -2.227637, -0.7393622]
A22641.txt: [-0.06478646, -2.2384567, -1.3122289]
A16282.txt: [-0.52936333, -2.2222195, -0.46658292]
A19628.txt: [-0.13043469, -2.2754395, -2.2356336]
A10354.txt: [0, 0, 0]
A16053.txt: [-0.92742825, -2.014491, -0.33383355]
A22447.txt: [0, 0, 0]
A09205.txt: [0, 0, 0]
A14526.txt: [0, 0, 0]
A07770.txt: [0, 0, 0]
A16682.txt: [-0.21934083, -2.3924654, -1.6744362]
A20442.txt: [0.6810893, -2.90374, -1.1838291]
A20443.txt: [0, 0, 0]
B14004.txt: [1.1809208, -1.9818323, -2.13637]
A00977.txt: [0.24707001, -1.8264831, -0.9006124]
A20641.txt: [0.64131606, -1.536142, -1.2279022]
A16495.txt: [0.7912479, -1.8268586, -1.3440348]
A18335.txt: [-0.7564969, -2.3188126, -1.690571]
A19822.txt: [0.2784854, -2.3118422, -0.934242]
A08508.txt: [0, 0, 0]
A20509.txt: [0, 0, 0]
A07363.txt: [0.020567391, -2.3985846, -0.5125022]
A14519.txt: [1.7735277, -2.0577245, -1.2560719]
A08440.txt: [0, 0, 0]
A16864.txt: [-0.55727935, -2.329056, -0.16419424]
A10226.txt: [1.0004992, -2.5713725, -2.3985076]
A09039.txt: [0, 0, 0]
A08327.txt: [0.26339617, -1.7230294, -2.0950558]
A20642.txt: [0.7439142, -1.6977265, -1.0822203]
A22928.txt: [-0.4242207, -2.6656542, -0.61153066]
A14524.txt: [0, 0, 0]
A16469.txt: [0, 0, 0]
A14518.txt: [-0.53164685, -2.2783306, -0.44377515]
A16247.txt: [0, 0, 0]
A08247.txt: [0, 0, 0]
A13628.txt: [0, 0, 0]
A69184.txt: [0, 0, 0]
A11229.txt: [0.6959615, -1.9719853, -1.1601285]
A01006.txt: [-0.8055924, -2.208869, -1.3800849]
A10725.txt: [0, 0, 0]
A10057.txt: [0, 0, 0]
A07517.txt: [0, 0, 0]
A19729.txt: [-0.7336283, -1.9447196, -0.45783478]
A20619.txt: [0, 0, 0]
A20624.txt: [0, 0, 0]
A15072.txt: [-0.43950775, -2.119151, -0.4078488]
A12523.txt: [0, 0, 0]
A19312.txt: [0, 0, 0]
A73849.txt: [0, 0, 0]
A22435.txt: [0, 0, 0]
A19058.txt: [0, 0, 0]
A12455.txt: [0, 0, 0]
A12469.txt: [0, 0, 0]
A68475.txt: [0.41789678, -1.3398798, -2.1395686]
A14958.txt: [0, 0, 0]
A15850.txt: [0, 0, 0]
A07267.txt: [0, 0, 0]
A18421.txt: [0.4198893, -2.2700973, -0.9758984]
A07515.txt: [-0.21698757, -1.9229888, -1.1927772]
A72217.txt: [0, 0, 0]
A11954.txt: [-0.9138968, -1.8286633, -0.5939548]
A11767.txt: [0, 0, 0]
A09666.txt: [0, 0, 0]
A19313.txt: [0.2959306, -2.4218307, -1.2202109]
A14155.txt: [-1.5786895, -1.5581638, -0.07506343]
A13821.txt: [-0.5437681, -2.4115741, -2.2350016]
A68061.txt: [0, 0, 0]
A20804.txt: [0, 0, 0]
A23464.txt: [-0.31919497, -1.7730644, -0.84485]
A17500.txt: [0, 0, 0]
A14974.txt: [0, 0, 0]
A07935.txt: [0, 0, 0]
A11831.txt: [0, 0, 0]
A68672.txt: [0, 0, 0]
A19060.txt: [-0.5236157, -2.2171047, -0.7349139]
A08179.txt: [0, 0, 0]
A13820.txt: [-0.4926518, -2.5557072, -0.039721526]
A13834.txt: [-0.6116966, -2.2150593, -0.58727646]
A18961.txt: [-0.81213194, -1.7923551, -1.773722]
A08541.txt: [-1.6109997, -1.481521, 0.04422582]
A11774.txt: [-0.92270315, -2.0411754, -0.11194829]
A14803.txt: [2.0808153, -2.9994314, -1.6884776]
A01017.txt: [-0.5192527, -2.7423153, -1.9778876]
A07466.txt: [0.5078874, -2.134294, -1.221443]
A20807.txt: [0, 0, 0]
A05339.txt: [0.020175358, -1.6150798, 0.1648025]
A20620.txt: [0, 0, 0]
A19260.txt: [0, 0, 0]
A00725.txt: [0, 0, 0]
A04581.txt: [1.293552, -2.4470181, -1.4573126]
A14976.txt: [0, 0, 0]
A16807.txt: [0, 0, 0]
A02655.txt: [0, 0, 0]
B07540.txt: [0, 0, 0]
A04813.txt: [-0.5329392, -2.2134123, 0.25779176]
A16556.txt: [0, 0, 0]
A22354.txt: [0, 0, 0]
A22340.txt: [0, 0, 0]
A00888.txt: [0.23164715, -2.3755138, -2.1462576]
A17310.txt: [-0.7056344, -2.5136766, -0.24999338]
