A14614.txt: [1.2315139, -1.4434781, -1.1765603]
A10664.txt: [0, 0, 0]
A13345.txt: [1.0514677, -0.5359235, -1.6488754]
A20770.txt: [0, 0, 0]
A19683.txt: [0, 0, 0]
A11368.txt: [0.9119362, -1.173068, -0.5087568]
A12649.txt: [0, 0, 0]
A68683.txt: [0.48559988, -1.5240715, -1.7770201]
A18416.txt: [0, 0, 0]
B11307.txt: [1.1827333, -0.8184306, -1.516201]
A71305.txt: [1.7512482, -1.0833898, -0.8580762]
A68132.txt: [2.059273, -0.49642867, -1.2022704]
A09043.txt: [0, 0, 0]
A13755.txt: [0, 0, 0]
A15324.txt: [0, 0, 0]
A21056.txt: [0, 0, 0]
A11802.txt: [0, 0, 0]
B00960.txt: [0, 0, 0]
A13542.txt: [0, 0, 0]
A20188.txt: [0, 0, 0]
A08764.txt: [2.536508, -1.1896845, -1.1657186]
A68251.txt: [0, 0, 0]
A22364.txt: [2.093737, -1.2928265, -1.2384826]
B13659.txt: [0, 0, 0]
A11223.txt: [1.0924768, -0.62170565, -1.8409815]
A13434.txt: [0.4336061, -1.9694023, -2.0552294]
A08014.txt: [1.6157002, -0.9035001, -1.5270535]
A18429.txt: [1.9887309, -0.92813855, -1.1736846]
A12138.txt: [0, 0, 0]
B14268.txt: [0, 0, 0]
A20607.txt: [0, 0, 0]
A12689.txt: [0, 0, 0]
A15469.txt: [1.7862489, -1.3265386, -1.4380072]
A12460.txt: [1.7064184, -0.7734261, -1.0215924]
A14005.txt: [0, 0, 0]
A11627.txt: [0, 0, 0]
A73707.txt: [0, 0, 0]
A69038.txt: [2.3474855, -0.53915185, -1.4660072]
A73706.txt: [2.2784185, -1.0746442, -0.90933114]
A22213.txt: [1.3132312, -1.7287897, -1.1423748]
A11154.txt: [1.1586946, -0.80595654, -1.3548149]
A12475.txt: [0, 0, 0]
A12461.txt: [2.1645525, -0.8315007, -1.2151685]
B00963.txt: [2.1609468, -1.2636373, -1.4059746]
A11395.txt: [0, 0, 0]
A72801.txt: [1.8968784, -1.4958777, -1.0771104]
A15093.txt: [0, 0, 0]
A14399.txt: [0, 0, 0]
A20766.txt: [0, 0, 0]
A15050.txt: [0.79925853, -1.4172658, -1.5863831]
A11791.txt: [0, 0, 0]
A00688.txt: [0, 0, 0]
A68246.txt: [1.3986031, -0.7868136, -1.3905886]
A21108.txt: [0, 0, 0]
A20202.txt: [0, 0, 0]
A16968.txt: [1.6708043, -1.4886339, -1.1123345]
A22439.txt: [0, 0, 0]
A22363.txt: [2.093737, -1.2928265, -1.2384826]
B13489.txt: [1.4238956, -0.7064874, -1.4508576]
A16207.txt: [0, 0, 0]
A19691.txt: [0, 0, 0]
A07524.txt: [1.2952566, -1.2075663, -1.9810853]
A11408.txt: [0, 0, 0]
A20158.txt: [0.78085935, -0.92991424, -1.8120126]
A15685.txt: [2.2356594, -1.301442, -1.2010717]
B15167.txt: [0, 0, 0]
A12317.txt: [1.9117044, -0.7911467, -1.54565]
A12471.txt: [1.809088, -0.44455168, -1.2003511]
A22216.txt: [2.2809567, -0.5536988, -1.4374996]
A68445.txt: [0, 0, 0]
A12470.txt: [1.7539828, -1.0730734, -1.33238]
A12458.txt: [0.865129, -1.3036654, -1.5525647]
A73267.txt: [0, 0, 0]
A04762.txt: [0.43276182, -1.183346, -2.0207682]
A08164.txt: [2.190902, -0.941627, -1.8442558]
A15069.txt: [2.1220112, -0.69998825, -1.4833459]
A02059.txt: [1.5102798, -1.0916253, -1.6737701]
B00838.txt: [0, 0, 0]
A08210.txt: [0, 0, 0]
A18981.txt: [0, 0, 0]
A89915.txt: [0, 0, 0]
A12738.txt: [0, 0, 0]
A08172.txt: [0.9684284, -1.3280369, -1.7674102]
A73259.txt: [0, 0, 0]
B08135.txt: [0, 0, 0]
A12466.txt: [1.6097913, -0.41189343, -1.2815636]
A11806.txt: [0, 0, 0]
A12467.txt: [1.8259201, -0.3773287, -1.5108883]
A10502.txt: [0, 0, 0]
A13235.txt: [0.71579415, -1.8199695, -1.7502991]
B15207.txt: [0, 0, 0]
A16985.txt: [0, 0, 0]
A17418.txt: [0, 0, 0]
A13118.txt: [1.4655315, -0.5297718, -1.5933747]
A18071.txt: [0, 0, 0]
A14688.txt: [0, 0, 0]
A18501.txt: [0, 0, 0]
A15794.txt: [0.84819794, -1.266263, -1.9132493]
A18475.txt: [0, 0, 0]
A73571.txt: [0, 0, 0]
A02606.txt: [2.1170936, -0.5665874, -1.5243516]
A68150.txt: [0, 0, 0]
A13290.txt: [1.925781, -1.337378, -1.3073617]
A12830.txt: [1.3256508, -0.20372158, -1.5338562]
A13535.txt: [0, 0, 0]
A14514.txt: [2.0519648, -1.1004493, -1.1392884]
B14433.txt: [1.8362677, -0.6722862, -1.6102673]
A09169.txt: [1.9176973, -0.38589782, -1.2090399]
A16711.txt: [1.6680996, -0.6318728, -0.8788959]
A14660.txt: [0.5203698, -1.9233649, -1.5572879]
A11056.txt: [1.7537694, -0.8283267, -1.0829089]
A16275.txt: [0.8537276, -1.1976414, -2.1066086]
A16507.txt: [2.1613762, -1.2699162, -1.4126393]
A14516.txt: [0, 0, 0]
A12615.txt: [0, 0, 0]
A07768.txt: [0, 0, 0]
A10228.txt: [2.011208, -0.17147855, -1.2990866]
A07967.txt: [2.1766546, -0.17598034, -1.3013973]
A21036.txt: [0, 0, 0]
A07782.txt: [0, 0, 0]
A97346.txt: [1.8138723, -1.2059625, -1.7208275]
A14517.txt: [2.673134, -0.62152207, -1.0931722]
A18259.txt: [0.8787983, -2.13468, -0.93422884]
B14801.txt: [2.2584877, -1.6861217, -1.5549825]
A08258.txt: [0, 0, 0]
A22328.txt: [2.1783402, -0.9897632, -1.1935083]
A17387.txt: [0, 0, 0]
A20067.txt: [1.106277, -1.0962002, -1.531254]
A14513.txt: [1.7806138, -0.26329687, -1.0601832]
A13042.txt: [1.922039, -0.89529127, -1.4347599]
A00980.txt: [0, 0, 0]
B11821.txt: [1.5976473, -0.21760608, -1.3048223]
A02826.txt: [2.1205351, -1.2657049, -1.6161042]
A19590.txt: [1.3382565, -0.9619634, -1.1316361]
A13057.txt: [0, 0, 0]
A15803.txt: [0, 0, 0]
A14512.txt: [0, 0, 0]
A20847.txt: [1.9685392, -1.1661, -1.2947547]
A20072.txt: [1.1509506, -1.1521686, -1.5551367]
B16236.txt: [1.6929092, -0.3309365, -1.2428991]
A12956.txt: [0, 0, 0]
A15591.txt: [1.131039, -0.7597147, -1.3644234]
A17384.txt: [0, 0, 0]
A09810.txt: [2.161739, -0.92252994, -1.0207368]
A67893.txt: [0, 0, 0]
A14510.txt: [2.3448389, -1.036775, -0.8517222]
A17019.txt: [0, 0, 0]
A16851.txt: [0, 0, 0]
A13732.txt: [0, 0, 0]
B11348.txt: [1.9175223, -1.2847946, -1.2270408]
A14511.txt: [0, 0, 0]
A17385.txt: [0, 0, 0]
A11074.txt: [0, 0, 0]
A08257.txt: [1.9483613, -1.2982068, -1.3743094]
A07831.txt: [0, 0, 0]
A15992.txt: [1.5046855, -1.0303249, -1.9494541]
A04690.txt: [2.5273001, -1.1592587, -1.2486463]
A14520.txt: [2.2271373, -0.58496296, -1.213417]
A20849.txt: [2.2490761, -1.2977127, -1.6216787]
A17001.txt: [0, 0, 0]
A19548.txt: [0, 0, 0]
A06694.txt: [1.1179007, -1.0026126, -1.5017533]
A14521.txt: [2.224999, -0.82338643, -0.78088796]
A19763.txt: [0, 0, 0]
A19824.txt: [0, 0, 0]
A04691.txt: [2.31865, -0.8325096, -1.1631132]
B01023.txt: [0, 0, 0]
A13306.txt: [1.4923077, -1.3106171, -1.5922973]
A11511.txt: [0, 0, 0]
A09376.txt: [0, 0, 0]
A17389.txt: [0, 0, 0]
A13110.txt: [1.7679136, -1.5295162, -1.3553816]
A08256.txt: [1.908162, -1.209794, -1.5020452]
A08242.txt: [0, 0, 0]
A10357.txt: [1.5495428, -0.3386885, -1.3655915]
A16718.txt: [2.1696906, 0.029597258, -1.7514187]
B14174.txt: [0, 0, 0]
A14872.txt: [0, 0, 0]
A08122.txt: [2.127692, -0.9092127, -1.4321852]
A16308.txt: [1.644052, -1.0047357, -1.5711573]
A22287.txt: [1.9259442, -0.6924926, -1.4280123]
A22250.txt: [2.3384075, -0.70478094, -1.1462697]
A69047.txt: [1.6731477, -1.1282328, -1.4352908]
A22536.txt: [0, 0, 0]
A22537.txt: [2.1704183, -0.92023253, -1.3397753]
A16679.txt: [1.5715832, -2.3491368, -2.9484177]
A16490.txt: [0, 0, 0]
A08123.txt: [2.127692, -0.9092127, -1.4321852]
A22641.txt: [0, 0, 0]
A16282.txt: [0, 0, 0]
A19628.txt: [0, 0, 0]
A10354.txt: [2.4310324, -1.1481192, -1.5655496]
A16053.txt: [0, 0, 0]
A22447.txt: [2.0664937, -0.6182367, -1.4106416]
A09205.txt: [1.169274, -1.7602596, -1.4661385]
A14526.txt: [1.8204682, -1.175488, -1.4870464]
A07770.txt: [0, 0, 0]
A16682.txt: [0, 0, 0]
A20442.txt: [1.9407806, -1.3369894, -1.2583269]
A20443.txt: [2.5268912, -0.65931225, -1.1370705]
B14004.txt: [2.1206217, -0.8094504, -1.2708564]
A00977.txt: [0, 0, 0]
A20641.txt: [2.2698388, -1.3383956, -1.0942613]
A16495.txt: [2.1609468, -1.2636373, -1.4059746]
A18335.txt: [0, 0, 0]
A19822.txt: [0, 0, 0]
A08508.txt: [1.5688576, -0.6469938, -1.8291832]
A20509.txt: [2.2226863, -0.9845035, -1.3191826]
A07363.txt: [0, 0, 0]
A14519.txt: [2.0686018, -0.82109064, -1.2830844]
A08440.txt: [1.9133772, -1.1178566, -1.2177508]
A16864.txt: [1.9958129, -1.1982198, -0.9951544]
A10226.txt: [2.060249, -1.4193197, -1.2066891]
A09039.txt: [0, 0, 0]
A08327.txt: [0, 0, 0]
A20642.txt: [1.748874, -1.036431, -1.1372163]
A22928.txt: [0, 0, 0]
A14524.txt: [2.3020625, -0.9256263, -1.1840227]
A16469.txt: [0, 0, 0]
A14518.txt: [1.6719967, -1.0064528, -1.4384102]
A16247.txt: [2.3535511, -2.3200045, -1.4217823]
A08247.txt: [1.3150711, -1.9018306, -1.6638594]
A13628.txt: [1.0626847, -1.3135434, -1.8426205]
A69184.txt: [1.4500318, -1.0603311, -1.4314822]
A11229.txt: [0.956394, -1.3478739, -1.36748]
A01006.txt: [2.463997, -1.9948848, -1.6137381]
A10725.txt: [1.3663194, -0.9557119, -1.1884723]
A10057.txt: [1.2390585, -0.054553237, -1.1837219]
A07517.txt: [0, 0, 0]
A19729.txt: [1.2684863, -1.2577337, -1.7748004]
A20619.txt: [0, 0, 0]
A20624.txt: [0, 0, 0]
A15072.txt: [0, 0, 0]
A12523.txt: [0, 0, 0]
A19312.txt: [2.0616367, -0.8045027, -1.1760035]
A73849.txt: [1.7253834, -1.0258852, -1.1282994]
A22435.txt: [2.7370691, -1.1872854, -1.2366339]
A19058.txt: [0, 0, 0]
A12455.txt: [0, 0, 0]
A12469.txt: [0, 0, 0]
A68475.txt: [0, 0, 0]
A14958.txt: [1.2260395, -1.7451031, -0.87804055]
A15850.txt: [0, 0, 0]
A07267.txt: [0, 0, 0]
A18421.txt: [0, 0, 0]
A07515.txt: [1.8665534, -0.4539157, -1.6125201]
A72217.txt: [1.5691891, 0.30303237, -1.9621379]
A11954.txt: [0, 0, 0]
A11767.txt: [0, 0, 0]
A09666.txt: [0, 0, 0]
A19313.txt: [0.7592949, -1.3560054, -1.7248025]
A14155.txt: [2.008198, -0.8690812, -1.2452867]
A13821.txt: [0, 0, 0]
A68061.txt: [0, 0, 0]
A20804.txt: [0, 0, 0]
A23464.txt: [2.094346, -0.041651707, -1.5936948]
A17500.txt: [0, 0, 0]
A14974.txt: [0, 0, 0]
A07935.txt: [0, 0, 0]
A11831.txt: [2.304843, -0.6035436, -1.1648731]
A68672.txt: [0, 0, 0]
A19060.txt: [1.1283712, -0.8120988, -1.6412047]
A08179.txt: [1.424131, -0.85980153, -1.6811787]
A13820.txt: [0, 0, 0]
A13834.txt: [0.9489599, -0.9861821, -1.4148368]
A18961.txt: [0, 0, 0]
A08541.txt: [1.4459797, -0.840688, -1.357396]
A11774.txt: [0, 0, 0]
A14803.txt: [1.9575189, -0.8402345, -1.5040249]
A01017.txt: [1.0228816, -0.21096726, -0.7963111]
A07466.txt: [0, 0, 0]
A20807.txt: [2.2558315, -1.0201343, -1.3280725]
A05339.txt: [2.1357284, -1.002331, -1.9294115]
A20620.txt: [0, 0, 0]
A19260.txt: [1.3196863, -1.3576664, -1.4261038]
A00725.txt: [1.3982201, -0.80855423, -1.5535713]
A04581.txt: [2.4953482, -1.1719091, -1.2813994]
A14976.txt: [0, 0, 0]
A16807.txt: [0, 0, 0]
A02655.txt: [2.320087, -0.83657795, -2.0794423]
B07540.txt: [1.6514653, -1.2745645, -0.7671627]
A04813.txt: [0, 0, 0]
A16556.txt: [0, 0, 0]
A22354.txt: [1.999611, -0.6073973, -1.3177615]
A22340.txt: [1.9158103, -0.55104345, -1.3632392]
A00888.txt: [2.2409432, -0.4848696, -1.9047091]
A17310.txt: [0, 0, 0]
