A14614.txt: [-1.4576273, -1.728199, -1.9702253]
A10664.txt: [0, 0, 0]
A13345.txt: [0, 0, 0]
A20770.txt: [-2.863078, -2.086853, -2.756634]
A19683.txt: [-0.8028478, -0.5125694, -2.2884681]
A11368.txt: [-1.339551, -1.6237681, -1.9028285]
A12649.txt: [-1.0144669, -0.50086963, -2.0319698]
A68683.txt: [-1.129121, -1.260461, -2.0849223]
A18416.txt: [0, 0, 0]
B11307.txt: [1.2739187, 0.087234244, -0.11781298]
A71305.txt: [-0.79730666, -0.94129246, -1.0306281]
A68132.txt: [-2.1823566, -1.574349, -2.3463824]
A09043.txt: [0.41872057, -0.06200904, -1.3852625]
A13755.txt: [0, 0, 0]
A15324.txt: [0, 0, 0]
A21056.txt: [0, 0, 0]
A11802.txt: [-1.0529596, -1.0577753, -1.2132648]
B00960.txt: [0, 0, 0]
A13542.txt: [0, 0, 0]
A20188.txt: [0, 0, 0]
A08764.txt: [0, 0, 0]
A68251.txt: [0, 0, 0]
A22364.txt: [0, 0, 0]
B13659.txt: [0, 0, 0]
A11223.txt: [0, 0, 0]
A13434.txt: [0, 0, 0]
A08014.txt: [0, 0, 0]
A18429.txt: [0, 0, 0]
A12138.txt: [0, 0, 0]
B14268.txt: [-1.0413356, -2.070612, -0.5710498]
A20607.txt: [0, 0, 0]
A12689.txt: [-0.655418, -1.1310735, -1.4753339]
A15469.txt: [0, 0, 0]
A12460.txt: [-1.6734903, -1.1648785, -1.6080762]
A14005.txt: [0, 0, 0]
A11627.txt: [-2.6840699, -2.1745033, -1.9385623]
A73707.txt: [0, 0, 0]
A69038.txt: [0.19661923, -1.1182995, -0.9498824]
A73706.txt: [0, 0, 0]
A22213.txt: [0, 0, 0]
A11154.txt: [0, 0, 0]
A12475.txt: [0, 0, 0]
A12461.txt: [-0.38161898, -0.7222501, -0.38277748]
B00963.txt: [2.0989208, 1.1524163, 1.0140189]
A11395.txt: [0.111992076, 0.043763977, -0.39006376]
A72801.txt: [-1.9265926, -0.85074246, -2.5387535]
A15093.txt: [-1.7204018, -1.6109577, -1.8517678]
A14399.txt: [-1.1361431, -0.9152051, -1.7433285]
A20766.txt: [0, 0, 0]
A15050.txt: [0, 0, 0]
A11791.txt: [0, 0, 0]
A00688.txt: [0, 0, 0]
A68246.txt: [-1.1818137, -0.8722469, -1.4432544]
A21108.txt: [-0.5648563, -1.7589644, -0.9639697]
A20202.txt: [0, 0, 0]
A16968.txt: [0, 0, 0]
A22439.txt: [0, 0, 0]
A22363.txt: [0, 0, 0]
B13489.txt: [-2.5117505, -2.4975524, -2.1734257]
A16207.txt: [0, 0, 0]
A19691.txt: [0, 0, 0]
A07524.txt: [0, 0, 0]
A11408.txt: [-1.1699468, -0.54086137, -2.73804]
A20158.txt: [-2.0906222, -2.357857, -1.3237101]
A15685.txt: [-0.5633007, -1.0834564, -1.0273322]
A12317.txt: [-1.8514062, -1.5617181, -1.3783592]
A12471.txt: [-2.1086853, -1.8169004, -1.4427536]
A22216.txt: [0, 0, 0]
A68445.txt: [-2.868995, -2.0506794, -2.3490968]
A12470.txt: [0, 0, 0]
A12458.txt: [0.5649514, -1.062503, -0.21623716]
A73267.txt: [0, 0, 0]
A04762.txt: [0, 0, 0]
A08164.txt: [0, 0, 0]
A15069.txt: [-0.98713505, -0.98464674, -1.9133765]
A02059.txt: [0, 0, 0]
B00838.txt: [0, 0, 0]
A08210.txt: [0, 0, 0]
A18981.txt: [0, 0, 0]
A89915.txt: [-1.494252, -1.5789605, -1.6087078]
A12738.txt: [-1.1883903, -0.54858166, -2.3525143]
A08172.txt: [0, 0, 0]
A73259.txt: [0, 0, 0]
B08135.txt: [-2.261117, -1.6761172, -2.9089606]
A12466.txt: [-1.4762055, -0.7801331, -2.346001]
A11806.txt: [0.574788, 0.25025555, 0.73286283]
A12467.txt: [0, 0, 0]
A10502.txt: [-1.2193232, -1.5576258, -1.4691236]
A13235.txt: [0, 0, 0]
B15207.txt: [0, 0, 0]
A16985.txt: [-1.0433195, -0.87014985, -1.2380615]
A17418.txt: [-0.65988386, -0.9837566, -0.5286713]
A13118.txt: [-1.8264035, -1.371973, -2.24695]
A18071.txt: [-3.0267377, -2.1023293, -1.8601781]
A14688.txt: [0, 0, 0]
A18501.txt: [0.32324997, -1.0976582, -0.18233187]
A15794.txt: [-1.6595373, -1.9280177, -1.0911083]
A18475.txt: [0, 0, 0]
A73571.txt: [0, 0, 0]
A02606.txt: [0, 0, 0]
A68150.txt: [0, 0, 0]
A13290.txt: [0, 0, 0]
A12830.txt: [0, 0, 0]
A13535.txt: [-0.89740723, -1.1335907, -2.6260364]
A14514.txt: [-0.4189458, -1.9362242, -0.8846538]
B14433.txt: [0, 0, 0]
A09169.txt: [-0.27380526, -0.27828425, -1.0561543]
A16711.txt: [0, 0, 0]
A14660.txt: [0, 0, 0]
A11056.txt: [0, 0, 0]
A16275.txt: [-1.9392686, -1.9147329, -1.9394056]
A16507.txt: [1.965821, 0.96648234, 1.1707306]
A14516.txt: [0, 0, 0]
A12615.txt: [0, 0, 0]
A07768.txt: [-1.481865, -1.9587281, -1.5737983]
A10228.txt: [-1.4895607, -1.3628085, -1.6844972]
A07967.txt: [-2.6015675, -2.4967332, -1.5045263]
A21036.txt: [0, 0, 0]
A07782.txt: [-1.7927223, -1.2050128, -1.5298517]
A97346.txt: [-0.47769818, -0.8302967, -2.5624099]
A14517.txt: [0, 0, 0]
A18259.txt: [0, 0, 0]
B14801.txt: [-1.4595503, -2.1295416, -1.7388302]
A08258.txt: [0, 0, 0]
A22328.txt: [0, 0, 0]
A17387.txt: [0, 0, 0]
A20067.txt: [0, 0, 0]
A14513.txt: [0, 0, 0]
A13042.txt: [-2.108071, -2.018401, -1.7166771]
A00980.txt: [0.28175804, 0.20930284, 0.96599746]
B11821.txt: [0, 0, 0]
A02826.txt: [-0.10011918, -0.071954444, 0.61507607]
A19590.txt: [-1.7947787, -1.6035513, -1.6338949]
A13057.txt: [-1.5614973, -1.4653908, -2.0020776]
A15803.txt: [0, 0, 0]
A14512.txt: [0, 0, 0]
A20847.txt: [-1.5291698, -1.0742146, -1.2908107]
A20072.txt: [0, 0, 0]
B16236.txt: [0, 0, 0]
A12956.txt: [0, 0, 0]
A15591.txt: [0, 0, 0]
A17384.txt: [-1.8631095, -1.8371558, -1.7584319]
A09810.txt: [-1.8410039, -1.5697892, -1.9293112]
A67893.txt: [0, 0, 0]
A14510.txt: [0, 0, 0]
A17019.txt: [0, 0, 0]
A16851.txt: [-1.5890639, -1.3127536, -1.8969375]
A13732.txt: [0, 0, 0]
B11348.txt: [0, 0, 0]
A14511.txt: [0, 0, 0]
A17385.txt: [-1.9713092, -2.0376105, -2.529304]
A11074.txt: [0, 0, 0]
A08257.txt: [-1.6234763, -0.59244615, -2.0489693]
A07831.txt: [-0.24556243, -0.7069999, -0.9511375]
A15992.txt: [-1.6607939, -1.7130642, -1.1480871]
A04690.txt: [0, 0, 0]
A14520.txt: [0, 0, 0]
A20849.txt: [-0.38788873, -0.7292876, -1.3353328]
A17001.txt: [-0.5636164, -1.2003536, -0.47741735]
A19548.txt: [0, 0, 0]
A06694.txt: [0, 0, 0]
A14521.txt: [-2.886243, -2.0300565, -2.2111766]
A19763.txt: [0, 0, 0]
A19824.txt: [0.4983091, -0.9700478, -0.07188132]
A04691.txt: [-2.3300855, -1.3461351, -2.7591074]
B01023.txt: [0, 0, 0]
A13306.txt: [0, 0, 0]
A11511.txt: [0, 0, 0]
A09376.txt: [-1.1702372, -2.0342553, -1.0977974]
A17389.txt: [-1.647717, -1.6958007, -1.652484]
A13110.txt: [0, 0, 0]
A08256.txt: [-2.2139623, -1.7718353, -1.8424788]
A08242.txt: [-1.3113554, -0.9221438, -1.9072262]
A10357.txt: [1.6918988, 1.4430025, 0.41750374]
A16718.txt: [-0.51844656, -1.1507598, -1.3627182]
B14174.txt: [-0.77456045, -0.82431114, -1.9398047]
A14872.txt: [0, 0, 0]
A08122.txt: [0.7269976, 0.07049508, -0.9245494]
A16308.txt: [0.2127187, -0.82153946, -1.1024184]
A22287.txt: [0, 0, 0]
A22250.txt: [0, 0, 0]
A69047.txt: [-0.8327185, -0.6721258, -1.5428629]
A22536.txt: [-0.04960667, -1.1732861, -0.48184296]
A22537.txt: [0, 0, 0]
A16679.txt: [0, 0, 0]
A16490.txt: [-1.9312409, -2.3129983, -1.5205823]
A08123.txt: [0.7269976, 0.07049508, -0.9245494]
A22641.txt: [-2.3733463, -1.7314953, -1.9643397]
A16282.txt: [-1.3704125, -2.0079823, -1.4178597]
A19628.txt: [-1.2697858, -1.0364106, -1.390483]
A10354.txt: [0, 0, 0]
A16053.txt: [-1.1906229, -1.348335, -1.5304852]
A22447.txt: [0, 0, 0]
A09205.txt: [0, 0, 0]
A14526.txt: [0, 0, 0]
A07770.txt: [0, 0, 0]
A16682.txt: [-0.97670805, -1.0138121, -1.963682]
A20442.txt: [0.12781328, -1.0167147, -0.6825534]
A20443.txt: [0, 0, 0]
B14004.txt: [0.1836312, -0.6280043, 0.20514935]
A00977.txt: [-1.4568669, -0.98347586, -1.1793083]
A20641.txt: [-1.6277771, -0.9209952, -2.6155767]
A16495.txt: [1.9635209, 0.8335576, 1.215983]
A18335.txt: [-2.0215318, -1.939748, -2.4814613]
A19822.txt: [-1.3836161, -1.7712046, -1.3824521]
A08508.txt: [0, 0, 0]
A20509.txt: [0, 0, 0]
A07363.txt: [-1.1240643, -0.84444106, -2.0873322]
A14519.txt: [0.120242484, -0.6400418, -1.8073314]
A08440.txt: [0, 0, 0]
A16864.txt: [-1.8939711, -1.1180589, -2.7964973]
A10226.txt: [-1.411871, -1.6121798, -0.6569692]
A09039.txt: [0, 0, 0]
A08327.txt: [-0.3256874, -0.9838907, -0.49941194]
A20642.txt: [-1.5195659, -0.6818274, -2.6476314]
A22928.txt: [-1.4213532, -1.4443264, -1.266897]
A14524.txt: [0, 0, 0]
A16469.txt: [0, 0, 0]
A14518.txt: [-1.5814803, -1.0623417, -2.6775677]
A16247.txt: [0, 0, 0]
A08247.txt: [0, 0, 0]
A13628.txt: [0, 0, 0]
A69184.txt: [0, 0, 0]
A11229.txt: [-1.5161753, -1.6414963, -1.0262116]
A01006.txt: [-0.9625644, -1.2957877, -1.4766879]
A10725.txt: [0, 0, 0]
A10057.txt: [0, 0, 0]
A07517.txt: [0, 0, 0]
A19729.txt: [-2.5905123, -2.7257743, -2.1386743]
A20619.txt: [0, 0, 0]
A20624.txt: [0, 0, 0]
A15072.txt: [-1.3310999, -1.6369525, -2.1868212]
A12523.txt: [0, 0, 0]
A19312.txt: [0, 0, 0]
A73849.txt: [0, 0, 0]
A22435.txt: [0, 0, 0]
A19058.txt: [0, 0, 0]
A12455.txt: [0, 0, 0]
A12469.txt: [0, 0, 0]
A68475.txt: [0.4105008, 0.54062206, -0.5786557]
A14958.txt: [0, 0, 0]
A15850.txt: [0, 0, 0]
A07267.txt: [0, 0, 0]
A18421.txt: [-0.28926495, 0.14236957, -1.8884509]
A07515.txt: [-0.044945296, -0.84931856, -1.1291689]
A72217.txt: [0, 0, 0]
A11954.txt: [-0.97721255, -1.2620058, -1.5957254]
A11767.txt: [0, 0, 0]
A09666.txt: [0, 0, 0]
A19313.txt: [-0.95581156, -2.4098456, -0.99807847]
A14155.txt: [-1.5465695, -1.2129083, -1.5726887]
A13821.txt: [-2.9947197, -1.7543339, -2.491951]
A68061.txt: [0, 0, 0]
A20804.txt: [0, 0, 0]
A23464.txt: [-0.8650789, -1.0919799, -0.8240712]
A17500.txt: [0, 0, 0]
A14974.txt: [0, 0, 0]
A07935.txt: [0, 0, 0]
A11831.txt: [0, 0, 0]
A68672.txt: [0, 0, 0]
A19060.txt: [-1.4480879, -1.5574104, -2.629141]
A08179.txt: [0, 0, 0]
A13820.txt: [-1.4733692, -1.3637111, -2.4529731]
A13834.txt: [-1.9091771, -1.7716112, -1.6956967]
A18961.txt: [-2.6573334, -2.7663713, -1.9764549]
A08541.txt: [-1.6962011, -2.2139864, -1.3890028]
A11774.txt: [-2.0217488, -2.7658896, -1.4880093]
A14803.txt: [-1.0908945, -1.7682362, -0.9983554]
A01017.txt: [-3.131122, -2.1095893, -2.9814925]
A07466.txt: [0.46903005, -0.6578996, -0.81309456]
A20807.txt: [0, 0, 0]
A05339.txt: [-1.7092292, -1.51516, -1.4611441]
A20620.txt: [0, 0, 0]
A19260.txt: [0, 0, 0]
A00725.txt: [0, 0, 0]
A04581.txt: [-0.8054822, -0.5895747, -1.6536776]
A14976.txt: [0, 0, 0]
A16807.txt: [0, 0, 0]
A02655.txt: [0, 0, 0]
B07540.txt: [0, 0, 0]
A04813.txt: [-1.3735396, -1.7465371, -1.4970431]
A16556.txt: [0, 0, 0]
A22354.txt: [0, 0, 0]
A22340.txt: [0, 0, 0]
A00888.txt: [-1.5762347, -0.8076573, -2.1526182]
A17310.txt: [-1.3774437, -1.7877365, -1.5432807]
