A14614.txt: [0, 0, 0]
A10664.txt: [0.089540936, 0.14317916, -0.90148395]
A13345.txt: [0, 0, 0]
A20770.txt: [-0.03428351, -0.46222997, -0.52473414]
A19683.txt: [0, 0, 0]
A11368.txt: [0, 0, 0]
A12649.txt: [0.39797744, -0.8125252, 0.08900893]
A68683.txt: [0, 0, 0]
A18416.txt: [0, 0, 0]
B11307.txt: [-1.1911873, 0.28850526, -1.0327748]
A71305.txt: [-0.5666615, 0.7939284, -2.3634136]
A68132.txt: [0, 0, 0]
A09043.txt: [0, 0, 0]
A13755.txt: [0.33400777, -0.05624611, -0.5113952]
A15324.txt: [-0.2598997, -0.43881032, -0.30320284]
A21056.txt: [-0.09700749, -1.6549939, -0.27783367]
A11802.txt: [-0.70172864, -0.90600395, -0.13762656]
B00960.txt: [0, 0, 0]
A13542.txt: [-0.121444725, 0.050195433, -1.3688107]
A20188.txt: [-0.041900087, -2.042994, 0.0039111604]
A08764.txt: [0, 0, 0]
A68251.txt: [0, 0, 0]
A22364.txt: [0, 0, 0]
B13659.txt: [-0.8068766, -1.0036902, -0.54154813]
A11223.txt: [0, 0, 0]
A13434.txt: [-0.6003322, -0.12137327, -0.87841606]
A08014.txt: [-0.555449, 0.07734302, -1.0056516]
A18429.txt: [-1.3190122, -0.531392, -1.3539165]
A12138.txt: [0, 0, 0]
B14268.txt: [1.0750709, -0.12869222, -1.1722744]
A20607.txt: [0, 0, 0]
A12689.txt: [0, 0, 0]
A15469.txt: [0, 0, 0]
A12460.txt: [0, 0, 0]
A14005.txt: [-0.1780454, -0.47835058, -0.06455313]
A11627.txt: [0.028891679, 0.56553596, -0.027376764]
A73707.txt: [0.6719298, -0.019885875, -0.59334964]
A69038.txt: [-0.3362847, -0.78330415, -0.7951137]
A73706.txt: [0.07815775, -0.25665203, -1.043535]
A22213.txt: [0, 0, 0]
A11154.txt: [0, 0, 0]
A12475.txt: [-0.1569005, -1.3388292, -0.30398998]
A12461.txt: [-0.62597793, -0.12663278, -0.21841766]
B00963.txt: [0, 0, 0]
A11395.txt: [-0.14637938, -0.12614913, -1.0961815]
A72801.txt: [0, 0, 0]
A15093.txt: [-1.197411, -0.5791829, 0.34517205]
A14399.txt: [0, 0, 0]
A20766.txt: [0.43557274, -1.561852, -0.09437523]
A15050.txt: [0, 0, 0]
A11791.txt: [0, 0, 0]
A00688.txt: [0, 0, 0]
A68246.txt: [0, 0, 0]
A21108.txt: [0.3371019, 0.45855153, -1.9498683]
A20202.txt: [-0.44765458, 0.15071015, 0.42148513]
A16968.txt: [0.19013709, 0.21373904, -0.2357033]
A22439.txt: [0, 0, 0]
A22363.txt: [0, 0, 0]
B13489.txt: [0.78219026, 0.1858093, -0.80343]
A16207.txt: [0, 0, 0]
A19691.txt: [0.30776137, -0.48830655, -0.46411246]
A07524.txt: [0, 0, 0]
A11408.txt: [-0.055756163, -0.2136614, -1.4669034]
A20158.txt: [-0.7821984, -1.3895552, 0.21907191]
A15685.txt: [-0.5123069, -0.81776005, 0.23858857]
B15167.txt: [-0.45685723, -0.118845046, -0.40247813]
A12317.txt: [-0.24497499, -0.37427792, -0.78664553]
A12471.txt: [0, 0, 0]
A22216.txt: [0, 0, 0]
A68445.txt: [0, 0, 0]
A12470.txt: [0, 0, 0]
A12458.txt: [-0.98353505, -0.21203272, -0.7227598]
A73267.txt: [0.55043435, -0.35341063, -0.70959556]
A04762.txt: [0, 0, 0]
A08164.txt: [0, 0, 0]
A15069.txt: [0, 0, 0]
A02059.txt: [0, 0, 0]
B00838.txt: [0, 0, 0]
A08210.txt: [0, 0, 0]
A18981.txt: [-0.99021393, -0.10733343, -1.0336185]
A89915.txt: [0.444435, -1.1199168, 0.07987714]
A12738.txt: [0.86323833, 0.46066067, -0.5685197]
A08172.txt: [0, 0, 0]
A73259.txt: [0, 0, 0]
B08135.txt: [-1.0553615, -0.07772995, -0.6841821]
A12466.txt: [0, 0, 0]
A11806.txt: [0, 0, 0]
A12467.txt: [0, 0, 0]
A10502.txt: [-0.7013888, -0.022953212, -0.59069765]
A13235.txt: [-0.70576465, -2.151037, 0.62598395]
B15207.txt: [0, 0, 0]
A16985.txt: [-1.8006124, 0.31965715, -1.0521502]
A17418.txt: [0.8066692, -0.18166372, -0.38858232]
A13118.txt: [0, 0, 0]
A18071.txt: [0.21428484, -0.9603906, -0.67800987]
A14688.txt: [0.17843671, 0.08825244, -0.9538929]
A18501.txt: [-0.18862984, 0.17937483, -0.24495138]
A15794.txt: [0.77044284, -0.4834315, -0.47685555]
A18475.txt: [0, 0, 0]
A73571.txt: [-0.2719688, -0.61720407, 0.1325514]
A02606.txt: [0.5320157, -0.23906182, -0.6282542]
A68150.txt: [-0.21819605, -0.18327256, -0.11851958]
A13290.txt: [0.27650368, 1.0315225, -2.1361282]
A12830.txt: [0.5651272, 0.21819872, 0.31483108]
A13535.txt: [0.1857088, -0.15322031, -1.0630535]
A14514.txt: [0, 0, 0]
B14433.txt: [0, 0, 0]
A09169.txt: [0.01159303, -0.46722543, -0.43341717]
A16711.txt: [0, 0, 0]
A14660.txt: [-0.038727064, -0.17868038, -0.80389327]
A11056.txt: [0, 0, 0]
A16275.txt: [-0.30987623, -0.16611944, -0.9947301]
A16507.txt: [0, 0, 0]
A14516.txt: [0, 0, 0]
A12615.txt: [0, 0, 0]
A07768.txt: [-0.08951413, 0.37529662, -1.1101594]
A10228.txt: [-0.7125998, -0.11841612, 0.15272216]
A07967.txt: [-0.44543055, -0.35161674, -1.2212038]
A21036.txt: [-0.7547335, -0.15360895, -1.0266849]
A07782.txt: [-0.05905813, -0.70349777, 0.11012122]
A97346.txt: [-1.3206438, -0.7616994, -0.7620306]
A14517.txt: [0, 0, 0]
A18259.txt: [0, 0, 0]
B14801.txt: [-0.2425666, 0.6805153, -1.4435469]
A08258.txt: [0, 0, 0]
A22328.txt: [0, 0, 0]
A17387.txt: [0, 0, 0]
A20067.txt: [0, 0, 0]
A14513.txt: [0, 0, 0]
A13042.txt: [-0.020060966, 0.35352185, -1.7209706]
A00980.txt: [-0.6302387, -0.60584366, -0.46204638]
B11821.txt: [0.07639775, -0.2614208, -0.5749228]
A02826.txt: [0, 0, 0]
A19590.txt: [0.70620775, -0.73263586, -0.1769768]
A13057.txt: [-0.11949311, -0.26572266, -0.59438425]
A15803.txt: [0, 0, 0]
A14512.txt: [0, 0, 0]
A20847.txt: [-0.7393319, -0.47777766, -0.9036743]
A20072.txt: [0, 0, 0]
B16236.txt: [0, 0, 0]
A12956.txt: [0.4381059, 0.015001409, -0.10473942]
A15591.txt: [0.8169035, 0.31337196, -0.531608]
A17384.txt: [0.09817082, -1.0298911, 0.38404113]
A09810.txt: [0.06410821, 0.95382583, -1.6053139]
A67893.txt: [0.5178833, 0.10570347, -0.21157274]
A14510.txt: [0, 0, 0]
A17019.txt: [0, 0, 0]
A16851.txt: [-0.39298537, -0.73387676, -1.736345]
A13732.txt: [-0.797114, -0.47144628, -1.0428345]
B11348.txt: [0, 0, 0]
A14511.txt: [0, 0, 0]
A17385.txt: [-0.6472225, -0.26528594, -0.6181668]
A11074.txt: [-0.3633891, 0.04074557, -1.3983446]
A08257.txt: [0, 0, 0]
A07831.txt: [0.19121876, -0.09693192, -0.19208035]
A15992.txt: [-0.030344848, 0.15261702, -0.5574166]
A04690.txt: [-0.44161966, -0.07073473, -1.9729345]
A14520.txt: [0, 0, 0]
A20849.txt: [-0.00940707, -0.59249073, -0.52149206]
A17001.txt: [-0.6820082, -0.18425305, -0.90543526]
A19548.txt: [0.9727398, 0.17307946, -0.91106665]
A06694.txt: [-0.6208402, -1.064506, -1.1400812]
A14521.txt: [0, 0, 0]
A19763.txt: [0, 0, 0]
A19824.txt: [0.037162215, -0.69600093, -2.2131643]
A04691.txt: [0.17080897, 0.09572361, -1.7434682]
B01023.txt: [-0.32860568, -1.0466965, -0.6732583]
A13306.txt: [0, 0, 0]
A11511.txt: [0, 0, 0]
A09376.txt: [-0.70537525, 0.24513164, -0.28350276]
A17389.txt: [0.5382388, -1.2105447, -0.2032125]
A13110.txt: [0, 0, 0]
A08256.txt: [0, 0, 0]
A08242.txt: [0.0616368, -0.6483014, -0.19925794]
A10357.txt: [-1.0923058, -0.089957565, -1.0880408]
A16718.txt: [0.55481726, -0.29569262, -0.4944079]
B14174.txt: [0.023490537, -0.4983395, 0.72979474]
A14872.txt: [0, 0, 0]
A08122.txt: [0.3104188, 1.1795211, -0.85321236]
A16308.txt: [0, 0, 0]
A22287.txt: [0, 0, 0]
A22250.txt: [0, 0, 0]
A69047.txt: [0, 0, 0]
A22536.txt: [0, 0, 0]
A22537.txt: [0, 0, 0]
A16679.txt: [0, 0, 0]
A16490.txt: [0, 0, 0]
A08123.txt: [0, 0, 0]
A22641.txt: [-0.3273466, -0.032179307, -0.636204]
A16282.txt: [-0.16570175, 0.14925581, -1.324833]
A19628.txt: [0, 0, 0]
A10354.txt: [0, 0, 0]
A16053.txt: [0.11634896, 0.28430435, -1.9902041]
A22447.txt: [0, 0, 0]
A09205.txt: [0, 0, 0]
A14526.txt: [0, 0, 0]
A07770.txt: [0, 0, 0]
A16682.txt: [0, 0, 0]
A20442.txt: [0.5173356, -0.90463823, -0.71826917]
A20443.txt: [0, 0, 0]
B14004.txt: [0.2046161, -0.27440038, -0.42013258]
A00977.txt: [-0.1048381, 0.19750495, -1.0762302]
A20641.txt: [0.9622069, -0.26640016, -0.21051084]
A16495.txt: [0, 0, 0]
A18335.txt: [0.5804885, -0.2485139, -0.43216214]
A19822.txt: [0, 0, 0]
A08508.txt: [0, 0, 0]
A20509.txt: [0, 0, 0]
A07363.txt: [0, 0, 0]
A14519.txt: [0, 0, 0]
A08440.txt: [0, 0, 0]
A16864.txt: [-0.86064935, -0.19085087, -0.80461717]
A10226.txt: [-0.4173846, -0.25746566, -1.2039976]
A09039.txt: [0, 0, 0]
A08327.txt: [-0.41430554, -0.8279801, -0.41660926]
A20642.txt: [0.7583683, 0.4436666, -0.23992997]
A22928.txt: [-0.07954765, -0.24501653, -0.8482604]
A14524.txt: [0, 0, 0]
A16469.txt: [0, 0, 0]
A14518.txt: [-0.15357673, -0.19102713, -0.22710575]
A16247.txt: [0, 0, 0]
A08247.txt: [0, 0, 0]
A13628.txt: [0, 0, 0]
A69184.txt: [0.7681717, -0.20394635, -1.0911281]
A11229.txt: [-1.0901779, -0.508191, -0.07855478]
A01006.txt: [-0.52522844, -0.3344476, -1.5797334]
A10725.txt: [0, 0, 0]
A10057.txt: [-1.3630569, -0.28545356, -0.42565346]
A07517.txt: [0, 0, 0]
A19729.txt: [0.84214044, 0.122961804, -0.44187206]
A20619.txt: [0, 0, 0]
A20624.txt: [0, 0, 0]
A15072.txt: [0, 0, 0]
A12523.txt: [0.43138787, -0.72859085, 0.17800319]
A19312.txt: [0, 0, 0]
A73849.txt: [0.9639594, -0.17374948, -0.2272077]
A22435.txt: [0, 0, 0]
A19058.txt: [0, 0, 0]
A12455.txt: [0, 0, 0]
A12469.txt: [0, 0, 0]
A68475.txt: [-0.029523566, 0.109168805, -1.0644962]
A14958.txt: [0, 0, 0]
A15850.txt: [-0.15141316, -0.64941126, -0.64773345]
A07267.txt: [0, 0, 0]
A18421.txt: [0, 0, 0]
A07515.txt: [0, 0, 0]
A72217.txt: [0, 0, 0]
A11954.txt: [-0.45841888, -0.4999036, -0.13733792]
A11767.txt: [0.7875398, 0.20134842, -1.1552074]
A09666.txt: [0, 0, 0]
A19313.txt: [0.3817522, 0.3593564, -1.0273913]
A14155.txt: [0, 0, 0]
A13821.txt: [-0.75009733, -0.7545028, 0.3277164]
A68061.txt: [-0.1661027, 0.41441044, -0.25101128]
A20804.txt: [-0.08783137, -1.710693, 0.46454406]
A23464.txt: [0.25075135, -0.15359548, -0.22798504]
A17500.txt: [0, 0, 0]
A14974.txt: [-0.9244031, -0.9761856, -1.7927701]
A07935.txt: [0.12656847, -0.75193274, -0.46123782]
A11831.txt: [0, 0, 0]
A68672.txt: [-0.14550671, -0.7268072, -1.264029]
A19060.txt: [1.272038, -0.02662201, -0.446703]
A08179.txt: [0, 0, 0]
A13820.txt: [0.64420027, -0.15556788, -1.0225755]
A13834.txt: [0, 0, 0]
A18961.txt: [-0.82562983, -0.5189729, -0.93582827]
A08541.txt: [-1.0972152, -0.67545, -0.11619281]
A11774.txt: [-0.6741671, -0.14767492, -0.9676827]
A14803.txt: [0.181021, 0.27143177, -1.9359473]
A01017.txt: [0, 0, 0]
A07466.txt: [-1.916984, -1.2741369, -0.23810537]
A20807.txt: [0, 0, 0]
A05339.txt: [-0.11266416, -0.5715025, 0.07704908]
A20620.txt: [-0.12888958, 0.07251563, -0.5386424]
A19260.txt: [0, 0, 0]
A00725.txt: [0, 0, 0]
A04581.txt: [0.6952488, 0.5152244, -0.5532777]
A14976.txt: [-0.4947267, 0.18388669, -1.0550052]
A16807.txt: [0, 0, 0]
A02655.txt: [0, 0, 0]
B07540.txt: [0, 0, 0]
A04813.txt: [0, 0, 0]
A16556.txt: [-1.0207461, -0.73319894, -0.4015767]
A22354.txt: [0, 0, 0]
A22340.txt: [0, 0, 0]
A00888.txt: [0.019096177, 0.3652201, -1.3071215]
A17310.txt: [-0.51410836, -0.5052062, -0.26158127]
