A14614.txt: [0.82999676, 0.17593876, 0.22546802]
A10664.txt: [0, 0, 0]
A13345.txt: [0.22452183, -0.61321795, -0.52481174]
A20770.txt: [0, 0, 0]
A19683.txt: [0, 0, 0]
A11368.txt: [0.021947224, 0.57234794, 0.36230063]
A12649.txt: [0, 0, 0]
A68683.txt: [0.33247197, 0.30824554, -0.6291876]
A18416.txt: [0, 0, 0]
B11307.txt: [1.1648573, -0.58192074, 0.75972897]
A71305.txt: [0.75986415, -0.13918811, 0.5062641]
A68132.txt: [0.5380629, -0.73253113, -0.088520326]
A09043.txt: [0, 0, 0]
A13755.txt: [0, 0, 0]
A15324.txt: [0, 0, 0]
A21056.txt: [0, 0, 0]
A11802.txt: [0, 0, 0]
B00960.txt: [0, 0, 0]
A13542.txt: [0, 0, 0]
A20188.txt: [0, 0, 0]
A08764.txt: [0.9996855, -0.04446857, 0.04610785]
A68251.txt: [0, 0, 0]
A22364.txt: [0.38734657, 0.1558684, -0.4470025]
B13659.txt: [0, 0, 0]
A11223.txt: [0.3830755, -0.6663623, -0.1461046]
A13434.txt: [0.26252016, 0.27408662, -0.8859346]
A08014.txt: [0.7013178, -0.0837367, -0.12164749]
A18429.txt: [0.20315161, 0.014095837, -0.7600965]
A12138.txt: [0, 0, 0]
B14268.txt: [0, 0, 0]
A20607.txt: [0, 0, 0]
A12689.txt: [0, 0, 0]
A15469.txt: [0.40314394, 0.42182958, 0.27231577]
A12460.txt: [0.7997192, -0.02171577, 0.65377694]
A14005.txt: [0, 0, 0]
A11627.txt: [0, 0, 0]
A73707.txt: [0, 0, 0]
A69038.txt: [0.6260613, -1.2344227, 0.387368]
A73706.txt: [0.8985112, 0.0002896019, 0.056291167]
A22213.txt: [1.2953397, 0.154688, -0.9023448]
A11154.txt: [0.19514452, -0.91810477, -0.25651222]
A12475.txt: [0, 0, 0]
A12461.txt: [1.3111112, -0.23519333, 0.24754682]
B00963.txt: [0.9754365, 0.124084115, -0.36991265]
A11395.txt: [0, 0, 0]
A72801.txt: [0.7104846, -0.04352638, -0.089886285]
A15093.txt: [0, 0, 0]
A14399.txt: [0, 0, 0]
A20766.txt: [0, 0, 0]
A15050.txt: [0.53302014, 0.16893257, -0.99762857]
A11791.txt: [0, 0, 0]
A00688.txt: [0, 0, 0]
A68246.txt: [0.6708336, -0.30451176, 0.45990047]
A21108.txt: [0, 0, 0]
A20202.txt: [0, 0, 0]
A16968.txt: [0.95089567, -0.14635709, 0.03110982]
A22439.txt: [0, 0, 0]
A22363.txt: [0.38734657, 0.1558684, -0.4470025]
B13489.txt: [0.12426815, -0.5731108, 0.83126974]
A16207.txt: [0, 0, 0]
A19691.txt: [0, 0, 0]
A07524.txt: [0.18885878, 0.047053564, -0.5963914]
A11408.txt: [0, 0, 0]
A20158.txt: [0.36552903, -0.6972702, 0.11782082]
A15685.txt: [1.2906628, -0.033711456, 0.09610961]
B15167.txt: [0, 0, 0]
A12317.txt: [0.34976396, 0.11976477, -0.81372106]
A12471.txt: [0.15162726, -0.23073635, -0.21571463]
A22216.txt: [0.7515167, -0.5209148, 0.46077228]
A68445.txt: [0, 0, 0]
A12470.txt: [0.67535436, 0.13021895, 0.7398711]
A12458.txt: [0.86015284, 0.07596986, -0.42253587]
A73267.txt: [0, 0, 0]
A04762.txt: [0.17749436, -0.2160203, -0.07795651]
A08164.txt: [0.38259703, 0.045344528, -0.8644568]
A15069.txt: [1.0492058, -0.61447346, -0.14826493]
A02059.txt: [0.29714477, 0.16759019, -0.4129137]
B00838.txt: [0, 0, 0]
A08210.txt: [0, 0, 0]
A18981.txt: [0, 0, 0]
A89915.txt: [0, 0, 0]
A12738.txt: [0, 0, 0]
A08172.txt: [0.19750808, -0.26309788, -0.31860265]
A73259.txt: [0, 0, 0]
B08135.txt: [0, 0, 0]
A12466.txt: [0.43871337, -0.6266621, 0.8567185]
A11806.txt: [0, 0, 0]
A12467.txt: [0.76014, -0.09235312, 0.2297355]
A10502.txt: [0, 0, 0]
A13235.txt: [1.1035755, 0.1128171, -0.35262027]
B15207.txt: [0, 0, 0]
A16985.txt: [0, 0, 0]
A17418.txt: [0, 0, 0]
A13118.txt: [0.7711269, -1.0743003, 0.0046280897]
A18071.txt: [0, 0, 0]
A14688.txt: [0, 0, 0]
A18501.txt: [0, 0, 0]
A15794.txt: [1.0261616, -0.5052472, -0.5244264]
A18475.txt: [0, 0, 0]
A73571.txt: [0, 0, 0]
A02606.txt: [0.79573125, -0.6590869, 0.6073649]
A68150.txt: [0, 0, 0]
A13290.txt: [0.24915163, 0.09491247, -0.8905529]
A12830.txt: [0.7252525, -0.96588033, 0.5992588]
A13535.txt: [0, 0, 0]
A14514.txt: [0.5199914, -0.026588561, 0.14832099]
B14433.txt: [0.42977455, -0.3141196, -0.4854357]
A09169.txt: [0.23788813, -0.5708447, -0.15050068]
A16711.txt: [0.5246648, -0.5576273, 0.59545547]
A14660.txt: [1.0288414, 0.09067851, -0.25659195]
A11056.txt: [0.75862706, -0.16688134, 0.048142392]
A16275.txt: [1.0991263, -0.23075894, -0.5982394]
A16507.txt: [0.9657572, 0.16233324, -0.3753375]
A14516.txt: [0, 0, 0]
A12615.txt: [0, 0, 0]
A07768.txt: [0, 0, 0]
A10228.txt: [0.5046006, -0.4126656, 0.45414808]
A07967.txt: [0.767453, -0.5712231, 0.29193005]
A21036.txt: [0, 0, 0]
A07782.txt: [0, 0, 0]
A97346.txt: [0.5349856, 0.0628292, -0.4698738]
A14517.txt: [0.2723947, 0.3060724, -0.05498342]
A18259.txt: [0.3048024, 0.48933503, -0.84696734]
B14801.txt: [2.1188495, 0.10806925, 0.18796417]
A08258.txt: [0, 0, 0]
A22328.txt: [1.0028137, -0.24799393, 0.3803676]
A17387.txt: [0, 0, 0]
A20067.txt: [1.6368338, -0.2956252, 0.05107594]
A14513.txt: [0.18569848, -0.32572618, 0.27552703]
A13042.txt: [0.6122189, -0.45425156, 0.054086942]
A00980.txt: [0, 0, 0]
B11821.txt: [0.3566156, -0.53922325, 0.44466943]
A02826.txt: [1.4864308, 0.06876024, -0.30091423]
A19590.txt: [1.4289832, -0.4398474, 0.37984273]
A13057.txt: [0, 0, 0]
A15803.txt: [0, 0, 0]
A14512.txt: [0, 0, 0]
A20847.txt: [1.2803574, 0.43374023, -0.34106562]
A20072.txt: [1.5588999, -0.2356272, -0.019294402]
B16236.txt: [0.20445226, -0.48834828, 1.1953381]
A12956.txt: [0, 0, 0]
A15591.txt: [0.78230274, -0.14837393, 0.1703062]
A17384.txt: [0, 0, 0]
A09810.txt: [0.46645442, -0.05448539, -0.3028231]
A67893.txt: [0, 0, 0]
A14510.txt: [0.59920377, 0.07675833, 0.57512796]
A17019.txt: [0, 0, 0]
A16851.txt: [0, 0, 0]
A13732.txt: [0, 0, 0]
B11348.txt: [0.91573405, -0.14386092, 0.4138978]
A14511.txt: [0, 0, 0]
A17385.txt: [0, 0, 0]
A11074.txt: [0, 0, 0]
A08257.txt: [1.145601, -0.44445947, 0.5186095]
A07831.txt: [0, 0, 0]
A15992.txt: [0.92861795, 0.13257049, -0.9566642]
A04690.txt: [0.7663509, 0.23395821, -0.26287705]
A14520.txt: [0.56867087, -0.08563509, 0.5853313]
A20849.txt: [1.3061638, 0.24996062, -0.6396823]
A17001.txt: [0, 0, 0]
A19548.txt: [0, 0, 0]
A06694.txt: [0.3349519, 0.1520324, -0.4454953]
A14521.txt: [0.3455208, 0.0016724195, 0.26039326]
A19763.txt: [0, 0, 0]
A19824.txt: [0, 0, 0]
A04691.txt: [0.8948678, 0.12295921, 0.15713711]
B01023.txt: [0, 0, 0]
A13306.txt: [0.90055764, 0.13409154, -0.2810599]
A11511.txt: [0, 0, 0]
A09376.txt: [0, 0, 0]
A17389.txt: [0, 0, 0]
A13110.txt: [0.73572105, -0.26573896, -0.26970243]
A08256.txt: [0.9893216, -0.27046868, 0.017928129]
A08242.txt: [0, 0, 0]
A10357.txt: [0.7207596, -0.26068968, 0.56493366]
A16718.txt: [0.56772035, -1.3526125, 0.8758243]
B14174.txt: [0, 0, 0]
A14872.txt: [0, 0, 0]
A08122.txt: [1.4845809, -0.08186867, 0.35274568]
A16308.txt: [0.7184412, -0.2309309, 0.02110844]
A22287.txt: [0.61380327, 0.10783915, 0.47410616]
A22250.txt: [0.4629779, 0.20961842, -0.13404849]
A69047.txt: [0.45817885, -0.3042889, -0.0902283]
A22536.txt: [0, 0, 0]
A22537.txt: [0.792019, -0.08967597, 0.25167254]
A16679.txt: [1.7808695, -0.16449063, -1.7429985]
A16490.txt: [0, 0, 0]
A08123.txt: [1.4845809, -0.08186867, 0.35274568]
A22641.txt: [0, 0, 0]
A16282.txt: [0, 0, 0]
A19628.txt: [0, 0, 0]
A10354.txt: [1.0043472, 0.10917775, -0.19796756]
A16053.txt: [0, 0, 0]
A22447.txt: [0.8453522, -0.4090533, 0.17073578]
A09205.txt: [1.2497594, 0.8769312, -0.7788077]
A14526.txt: [0.5411695, -0.078926586, 0.31705365]
A07770.txt: [0, 0, 0]
A16682.txt: [0, 0, 0]
A20442.txt: [1.3069099, -0.24359874, 0.53217024]
A20443.txt: [0.53229696, -0.4016906, 0.16273013]
B14004.txt: [0.4253387, -0.36182368, 0.2070265]
A00977.txt: [0, 0, 0]
A20641.txt: [0.8698231, -0.024795746, -0.23602206]
A16495.txt: [0.9754365, 0.124084115, -0.36991265]
A18335.txt: [0, 0, 0]
A19822.txt: [0, 0, 0]
A08508.txt: [-0.01499591, -0.29286605, -1.0112637]
A20509.txt: [1.5804548, -0.32985285, 0.3718922]
A07363.txt: [0, 0, 0]
A14519.txt: [0.29292905, 0.0028564925, 0.13236411]
A08440.txt: [0.81068814, -0.43675372, -0.035015143]
A16864.txt: [1.144498, -0.23883928, -0.21358715]
A10226.txt: [1.6331877, -0.15657279, 0.42992622]
A09039.txt: [0, 0, 0]
A08327.txt: [0, 0, 0]
A20642.txt: [0.37131152, -0.016593348, -0.22080058]
A22928.txt: [0, 0, 0]
A14524.txt: [0.94639826, 0.16696812, 0.09878837]
A16469.txt: [0, 0, 0]
A14518.txt: [0.5756833, 0.010957915, -0.38834333]
A16247.txt: [3.0524602, 1.6812963, -0.63987994]
A08247.txt: [1.0428435, -0.85490483, -0.27829048]
A13628.txt: [1.1552763, -0.243966, 0.27373078]
A69184.txt: [0.70577693, -0.47725138, -0.17650612]
A11229.txt: [0.8093581, 0.025123244, -0.48314112]
A01006.txt: [1.1403975, 0.37385744, -0.74362296]
A10725.txt: [0.20277222, 0.1070466, -0.6266411]
A10057.txt: [0.2789523, -0.08782962, 0.88581735]
A07517.txt: [0, 0, 0]
A19729.txt: [0.5386483, 0.02477853, -0.20153783]
A20619.txt: [0, 0, 0]
A20624.txt: [0, 0, 0]
A15072.txt: [0, 0, 0]
A12523.txt: [0, 0, 0]
A19312.txt: [0.8263134, -0.15582474, 0.5173548]
A73849.txt: [0.3521969, -0.053544905, -0.21904492]
A22435.txt: [0.8048104, -0.070410974, -0.21256275]
A19058.txt: [0, 0, 0]
A12455.txt: [0, 0, 0]
A12469.txt: [0, 0, 0]
A68475.txt: [0, 0, 0]
A14958.txt: [1.2909508, -0.027695639, 0.6440791]
A15850.txt: [0, 0, 0]
A07267.txt: [0, 0, 0]
A18421.txt: [0, 0, 0]
A07515.txt: [0.38764954, -0.83199525, 0.19129749]
A72217.txt: [0.6387518, -1.1273203, 0.8071067]
A11954.txt: [0, 0, 0]
A11767.txt: [0, 0, 0]
A09666.txt: [0, 0, 0]
A19313.txt: [0.38858658, 0.3360559, -0.5539762]
A14155.txt: [0.20142135, -0.1422618, -0.60317826]
A13821.txt: [0, 0, 0]
A68061.txt: [0, 0, 0]
A20804.txt: [0, 0, 0]
A23464.txt: [0.8500484, -0.65391344, 0.40713266]
A17500.txt: [0, 0, 0]
A14974.txt: [0, 0, 0]
A07935.txt: [0, 0, 0]
A11831.txt: [0.44997633, 0.035600577, 0.13994749]
A68672.txt: [0, 0, 0]
A19060.txt: [0.69661033, -0.38575727, -0.42546034]
A08179.txt: [1.1586983, -0.3316483, 0.3011242]
A13820.txt: [0, 0, 0]
A13834.txt: [0.36267835, -0.43822777, 0.36759168]
A18961.txt: [0, 0, 0]
A08541.txt: [0.53732663, -0.8497071, -0.16112785]
A11774.txt: [0, 0, 0]
A14803.txt: [0.71874255, 0.07435129, 0.025893588]
A01017.txt: [0.59658927, -0.8737164, 1.0146424]
A07466.txt: [0, 0, 0]
A20807.txt: [0.35472462, -0.057307303, -0.63200974]
A05339.txt: [1.0739954, 0.10396325, -0.3547249]
A20620.txt: [0, 0, 0]
A19260.txt: [1.2345593, -0.24676438, -0.512914]
A00725.txt: [0.4821144, -0.698011, 0.053566556]
A04581.txt: [0.6214199, 0.19599864, -0.31023377]
A14976.txt: [0, 0, 0]
A16807.txt: [0, 0, 0]
A02655.txt: [1.7731637, -0.6605797, -0.061931938]
B07540.txt: [0.65361094, -0.13883391, 0.17301215]
A04813.txt: [0, 0, 0]
A16556.txt: [0, 0, 0]
A22354.txt: [0.48512018, -0.6385382, 0.6643392]
A22340.txt: [0.59209853, -0.7410843, 0.6150412]
A00888.txt: [0.53363734, -0.7193329, -0.0016299161]
A17310.txt: [0, 0, 0]
