A14614.txt: [0, 0, 0]
A10664.txt: [0.3344944, -1.6491035, -1.9870661]
A13345.txt: [0, 0, 0]
A20770.txt: [0.19519025, -1.3705798, -2.0540388]
A19683.txt: [0, 0, 0]
A11368.txt: [0, 0, 0]
A12649.txt: [0.4021995, -2.1170077, -2.1043928]
A68683.txt: [0, 0, 0]
A18416.txt: [0, 0, 0]
B11307.txt: [-0.049835082, -1.7889031, -1.2849256]
A71305.txt: [0.09156483, -1.8432477, -2.446906]
A68132.txt: [0, 0, 0]
A09043.txt: [0, 0, 0]
A13755.txt: [-0.16247098, -1.9890448, -1.4311498]
A15324.txt: [0.13934118, -1.6204652, -1.1500883]
A21056.txt: [0.2197745, -1.398116, -2.6025372]
A11802.txt: [-0.21240756, -2.0902514, -1.1617543]
B00960.txt: [0, 0, 0]
A13542.txt: [0.10110897, -1.3673918, -2.0317807]
A20188.txt: [0.09829227, -0.9089172, -1.5475241]
A08764.txt: [0, 0, 0]
A68251.txt: [0, 0, 0]
A22364.txt: [0, 0, 0]
B13659.txt: [-0.2550504, -1.265221, -0.9952155]
A11223.txt: [0, 0, 0]
A13434.txt: [-0.50137997, -1.351929, -1.1791661]
A08014.txt: [-0.70026237, -2.0674198, -1.4523193]
A18429.txt: [-0.16248414, -1.4352511, -1.2993678]
A12138.txt: [0, 0, 0]
B14268.txt: [0.75467986, -1.7729343, -2.1795647]
A20607.txt: [0, 0, 0]
A12689.txt: [0, 0, 0]
A15469.txt: [0, 0, 0]
A12460.txt: [0, 0, 0]
A14005.txt: [-0.24212198, -1.6749823, -1.3987021]
A11627.txt: [-0.09894288, -2.0119805, -1.2642492]
A73707.txt: [0.39151245, -1.4630857, -1.413787]
A69038.txt: [0.07275267, -1.4401904, -1.9319495]
A73706.txt: [0.44490907, -1.9528029, -1.4918268]
A22213.txt: [0, 0, 0]
A11154.txt: [0, 0, 0]
A12475.txt: [-0.028551595, -1.632049, -1.4416912]
A12461.txt: [-0.5211287, -1.315608, -1.8952092]
B00963.txt: [0, 0, 0]
A11395.txt: [0.4848623, -1.5115548, -2.0009692]
A72801.txt: [0, 0, 0]
A15093.txt: [-0.21584219, -0.4929854, -1.0997876]
A14399.txt: [0, 0, 0]
A20766.txt: [-0.09074098, -1.3632624, -2.1306667]
A15050.txt: [0, 0, 0]
A11791.txt: [0, 0, 0]
A00688.txt: [0, 0, 0]
A68246.txt: [0, 0, 0]
A21108.txt: [0.0916962, -2.2641072, -2.475326]
A20202.txt: [-0.11110008, -1.3004729, -0.80307126]
A16968.txt: [0.4543039, -1.8808728, -1.517311]
A22439.txt: [0, 0, 0]
A22363.txt: [0, 0, 0]
B13489.txt: [1.1814983, -1.4068184, -1.5364403]
A16207.txt: [0, 0, 0]
A19691.txt: [0.16423318, -1.4712999, -1.3391194]
A07524.txt: [0, 0, 0]
A11408.txt: [0.2912176, -2.404133, -1.0771328]
A20158.txt: [-0.54755044, -1.179733, -1.1217511]
A15685.txt: [-0.92095405, -1.2354192, 0.30459327]
B15167.txt: [0.4934185, -1.2390972, -1.5095274]
A12317.txt: [-0.24106048, -1.9325182, -0.71650344]
A12471.txt: [0, 0, 0]
A22216.txt: [0, 0, 0]
A68445.txt: [0, 0, 0]
A12470.txt: [0, 0, 0]
A12458.txt: [0.006307671, -1.3563203, -1.7171874]
A73267.txt: [0.08448424, -1.7408866, -1.7022598]
A04762.txt: [0, 0, 0]
A08164.txt: [0, 0, 0]
A15069.txt: [0, 0, 0]
A02059.txt: [0, 0, 0]
B00838.txt: [0, 0, 0]
A08210.txt: [0, 0, 0]
A18981.txt: [-0.49596617, -1.9301877, -1.5123965]
A89915.txt: [0.66380733, -1.9965032, -1.0663631]
A12738.txt: [0.16966923, -1.6420742, -1.3159338]
A08172.txt: [0, 0, 0]
A73259.txt: [0, 0, 0]
B08135.txt: [-0.07677948, -0.56872785, -1.4438672]
A12466.txt: [0, 0, 0]
A11806.txt: [0, 0, 0]
A12467.txt: [0, 0, 0]
A10502.txt: [-0.16349652, -1.2758788, -1.0934099]
A13235.txt: [-0.67947465, -1.1310936, -1.5166416]
B15207.txt: [0, 0, 0]
A16985.txt: [-0.85108817, -0.9478492, -1.5709821]
A17418.txt: [0.49027118, -0.5836674, -2.0428154]
A13118.txt: [0, 0, 0]
A18071.txt: [0.18632412, -1.630377, -1.0895642]
A14688.txt: [-1.0104675, -2.227521, -1.2006488]
A18501.txt: [-0.018718231, -1.5710032, -0.7100285]
A15794.txt: [-0.1727642, -2.0407896, -1.9563924]
A18475.txt: [0, 0, 0]
A73571.txt: [0.1993013, -0.9659827, -0.79263854]
A02606.txt: [0.67247677, -1.5225158, -1.8815751]
A68150.txt: [0.341502, -1.3159071, -1.7207302]
A13290.txt: [-0.41363528, -1.9413303, -1.4995437]
A12830.txt: [0.46223283, -1.9811578, -1.4365312]
A13535.txt: [0.7436829, -1.4728752, -2.103042]
A14514.txt: [0, 0, 0]
B14433.txt: [0, 0, 0]
A09169.txt: [0.4743619, -1.7425147, -1.1179103]
A16711.txt: [0, 0, 0]
A14660.txt: [0.14076123, -1.5973102, -2.0965576]
A11056.txt: [0, 0, 0]
A16275.txt: [-0.0668455, -1.697047, -1.8503575]
A16507.txt: [0, 0, 0]
A14516.txt: [0, 0, 0]
A12615.txt: [0, 0, 0]
A07768.txt: [0.28337994, -1.9714781, -1.271579]
A10228.txt: [-0.090268165, -1.1735114, -0.20139644]
A07967.txt: [0.018618485, -1.4942377, -1.815271]
A21036.txt: [-1.0980607, -1.7641943, -0.84504783]
A07782.txt: [-0.10502027, -1.3762112, -1.2525238]
A97346.txt: [-0.14666225, -1.1984326, -1.1157252]
A14517.txt: [0, 0, 0]
A18259.txt: [0, 0, 0]
B14801.txt: [1.385445, -1.7519634, -1.6784652]
A08258.txt: [0, 0, 0]
A22328.txt: [0, 0, 0]
A17387.txt: [0, 0, 0]
A20067.txt: [0, 0, 0]
A14513.txt: [0, 0, 0]
A13042.txt: [0.27316323, -2.1462784, -1.9170606]
A00980.txt: [-0.48973063, -1.8468186, -1.8538729]
B11821.txt: [0.6551375, -1.2448573, -1.682305]
A02826.txt: [0, 0, 0]
A19590.txt: [0.62030125, -1.2361428, -1.3869759]
A13057.txt: [-0.08099569, -1.2221456, -1.6585128]
A15803.txt: [0, 0, 0]
A14512.txt: [0, 0, 0]
A20847.txt: [0.14815564, -1.7402973, -1.2689413]
A20072.txt: [0, 0, 0]
B16236.txt: [0, 0, 0]
A12956.txt: [0.6246132, -2.0373037, -1.8402734]
A15591.txt: [1.488992, -1.9314803, -1.128258]
A17384.txt: [0.49931684, -0.75225735, -1.5497788]
A09810.txt: [0.5241626, -2.6747518, -2.1296635]
A67893.txt: [0.52124345, -1.744127, -1.4189932]
A14510.txt: [0, 0, 0]
A17019.txt: [0, 0, 0]
A16851.txt: [0.006383161, -1.9078051, -1.7571545]
A13732.txt: [0.40333423, -1.7310477, -2.2836578]
B11348.txt: [0, 0, 0]
A14511.txt: [0, 0, 0]
A17385.txt: [0.8053955, -0.86144453, -1.5318384]
A11074.txt: [0.13980465, -1.201631, -1.6460824]
A08257.txt: [0, 0, 0]
A07831.txt: [0.10602937, -1.5854397, -0.99387896]
A15992.txt: [0.34102002, -1.6017095, -1.1208793]
A04690.txt: [0.23450737, -1.9388472, -2.0882125]
A14520.txt: [0, 0, 0]
A20849.txt: [0.18772691, -1.9358492, -1.6811577]
A17001.txt: [0.08939233, -1.2292262, -1.6557016]
A19548.txt: [0.061940923, -1.7243779, -2.2699902]
A06694.txt: [-0.5380675, -1.7202545, -1.8720379]
A14521.txt: [0, 0, 0]
A19763.txt: [0, 0, 0]
A19824.txt: [0.32239267, -2.3918529, -2.2097225]
A04691.txt: [1.2999024, -2.0114133, -1.2755791]
B01023.txt: [0.093486495, -0.97723186, -1.7848144]
A13306.txt: [0, 0, 0]
A11511.txt: [0, 0, 0]
A09376.txt: [-0.14035042, -1.9351608, -1.1874028]
A17389.txt: [1.0014901, -2.265928, -1.3432795]
A13110.txt: [0, 0, 0]
A08256.txt: [0, 0, 0]
A08242.txt: [0.6790293, -1.5753121, -1.5636867]
A10357.txt: [-0.46505505, -1.0170656, -1.0859324]
A16718.txt: [0.29811943, -1.6661814, -1.2731862]
B14174.txt: [0.5847067, -1.065604, -0.8212187]
A14872.txt: [0, 0, 0]
A08122.txt: [1.1465336, -1.5770001, -1.5282677]
A16308.txt: [0, 0, 0]
A22287.txt: [0, 0, 0]
A22250.txt: [0, 0, 0]
A69047.txt: [0, 0, 0]
A22536.txt: [0, 0, 0]
A22537.txt: [0, 0, 0]
A16679.txt: [0, 0, 0]
A16490.txt: [0, 0, 0]
A08123.txt: [0, 0, 0]
A22641.txt: [-0.29675633, -1.3689139, -1.6651434]
A16282.txt: [-0.12950832, -1.7740633, -2.1486769]
A19628.txt: [0, 0, 0]
A10354.txt: [0, 0, 0]
A16053.txt: [0.5197378, -1.9336723, -2.3117883]
A22447.txt: [0, 0, 0]
A09205.txt: [0, 0, 0]
A14526.txt: [0, 0, 0]
A07770.txt: [0, 0, 0]
A16682.txt: [0, 0, 0]
A20442.txt: [0.1675944, -1.8493936, -2.058319]
A20443.txt: [0, 0, 0]
B14004.txt: [-0.699014, -1.4833146, -1.2711787]
A00977.txt: [0.2624272, -1.57093, -1.492736]
A20641.txt: [1.6021591, -2.0197048, -0.9032674]
A16495.txt: [0, 0, 0]
A18335.txt: [0.2215199, -1.1026243, -2.2061522]
A19822.txt: [0, 0, 0]
A08508.txt: [0, 0, 0]
A20509.txt: [0, 0, 0]
A07363.txt: [0, 0, 0]
A14519.txt: [0, 0, 0]
A08440.txt: [0, 0, 0]
A16864.txt: [0.27300414, -1.1679491, -1.8225635]
A10226.txt: [-0.19173637, -1.5763311, -1.5453813]
A09039.txt: [0, 0, 0]
A08327.txt: [0.02628452, -1.6176022, -1.6432018]
A20642.txt: [1.1754909, -1.2554518, -0.81219184]
A22928.txt: [0.18199043, -1.5367166, -1.2237009]
A14524.txt: [0, 0, 0]
A16469.txt: [0, 0, 0]
A14518.txt: [-0.26874796, -1.4109424, -1.5904768]
A16247.txt: [0, 0, 0]
A08247.txt: [0, 0, 0]
A13628.txt: [0, 0, 0]
A69184.txt: [0.87927604, -2.3137739, -2.377213]
A11229.txt: [-0.6063238, -0.2891557, -0.5452964]
A01006.txt: [-0.61566734, -1.4988673, -1.9713266]
A10725.txt: [0, 0, 0]
A10057.txt: [-0.5926232, -1.2574171, -1.0575229]
A07517.txt: [0, 0, 0]
A19729.txt: [1.6441448, -1.7295456, -1.821083]
A20619.txt: [0, 0, 0]
A20624.txt: [0, 0, 0]
A15072.txt: [0, 0, 0]
A12523.txt: [0.32071018, -1.3288754, -1.6634253]
A19312.txt: [0, 0, 0]
A73849.txt: [1.358631, -2.004354, -1.0811957]
A22435.txt: [0, 0, 0]
A19058.txt: [0, 0, 0]
A12455.txt: [0, 0, 0]
A12469.txt: [0, 0, 0]
A68475.txt: [0.7183345, -1.7340747, -1.855736]
A14958.txt: [0, 0, 0]
A15850.txt: [-0.37267497, -1.3127128, -1.8231223]
A07267.txt: [0, 0, 0]
A18421.txt: [0, 0, 0]
A07515.txt: [0, 0, 0]
A72217.txt: [0, 0, 0]
A11954.txt: [-0.31358826, -0.9929718, -1.4011556]
A11767.txt: [0.26944405, -1.6129094, -2.4868262]
A09666.txt: [0, 0, 0]
A19313.txt: [0.25577942, -1.9453746, -1.1112059]
A14155.txt: [0, 0, 0]
A13821.txt: [0.06004563, -0.62070984, -0.9387433]
A68061.txt: [-0.13320269, -1.9806165, -1.1398964]
A20804.txt: [-0.38012934, -1.797411, -1.5203857]
A23464.txt: [-0.015206064, -2.0703495, -1.6747241]
A17500.txt: [0, 0, 0]
A14974.txt: [-0.38109472, -1.8669709, -1.8103105]
A07935.txt: [0.16905825, -1.5405843, -1.3755101]
A11831.txt: [0, 0, 0]
A68672.txt: [0.72375745, -2.1397436, -1.9388874]
A19060.txt: [0.8922104, -1.6037973, -1.5699313]
A08179.txt: [0, 0, 0]
A13820.txt: [0.37070483, -1.7995818, -1.6087356]
A13834.txt: [0, 0, 0]
A18961.txt: [-0.3334775, -1.4107804, -1.2550375]
A08541.txt: [-0.5888972, -1.4647748, -0.9884125]
A11774.txt: [0.24331735, -1.0510988, -1.3044705]
A14803.txt: [1.0771265, -1.413252, -2.624067]
A01017.txt: [0, 0, 0]
A07466.txt: [-0.9763222, -0.7105846, 0.022546785]
A20807.txt: [0, 0, 0]
A05339.txt: [-0.1229052, -1.5651653, -1.7501962]
A20620.txt: [-0.046494715, -1.3202549, -1.3041517]
A19260.txt: [0, 0, 0]
A00725.txt: [0, 0, 0]
A04581.txt: [0.45249525, -2.1049044, -1.8507944]
A14976.txt: [-0.55891615, -1.8085362, -1.7821475]
A16807.txt: [0, 0, 0]
A02655.txt: [0, 0, 0]
B07540.txt: [0, 0, 0]
A04813.txt: [0, 0, 0]
A16556.txt: [-0.30473396, -1.0713917, -1.0591629]
A22354.txt: [0, 0, 0]
A22340.txt: [0, 0, 0]
A00888.txt: [-0.5170528, -1.8260708, -1.6484238]
A17310.txt: [0.09088621, -1.6358881, -1.5653639]
A14614.txt: [0, 0, 0]
A14803.txt: [1.5387559, -1.452435, -2.235725]
